 Mass  Metallicity IRV         Ba34          Ba35          Ba36          Ba37          Ba38          Ba39          Ba40 
 1.30       0.0001 000 1.85E-11 1.09E-11 6.46E-11 6.44E-11 7.98E-10 0.00E+00 0.00E+00
 1.30       0.0003 000 4.63E-11 2.97E-11 1.59E-10 1.60E-10 1.93E-09 0.00E+00 0.00E+00
 1.30       0.0010 000 1.08E-10 8.32E-11 3.55E-10 3.69E-10 4.67E-09 0.00E+00 0.00E+00
 1.30       0.0020 000 2.98E-10 2.00E-10 9.32E-10 9.15E-10 1.26E-08 0.00E+00 0.00E+00
 1.30       0.0030 000 3.13E-10 2.46E-10 1.02E-09 1.02E-09 1.30E-08 0.00E+00 0.00E+00
 1.30       0.0060 000 4.72E-10 4.37E-10 1.57E-09 1.62E-09 1.60E-08 0.00E+00 0.00E+00
 1.30       0.0080 000 2.20E-10 4.38E-10 7.37E-10 9.54E-10 6.61E-09 0.00E+00 0.00E+00
 1.30       0.0100 000 2.04E-10 5.28E-10 6.80E-10 9.51E-10 6.15E-09 0.00E+00 0.00E+00
 1.30       0.0140 000 2.74E-10 7.54E-10 9.05E-10 1.30E-09 8.38E-09 0.00E+00 0.00E+00
 1.30       0.0200 000 3.88E-10 1.07E-09 1.28E-09 1.84E-09 1.18E-08 0.00E+00 0.00E+00
 1.50       0.0001 000 4.26E-11 2.04E-11 1.49E-10 1.50E-10 2.00E-09 0.00E+00 0.00E+00
 1.50       0.0003 000 1.21E-10 5.95E-11 4.22E-10 4.19E-10 5.37E-09 0.00E+00 0.00E+00
 1.50       0.0010 000 2.73E-10 1.53E-10 9.34E-10 9.01E-10 1.27E-08 0.00E+00 0.00E+00
 1.50       0.0020 000 7.92E-10 4.03E-10 2.64E-09 2.50E-09 3.65E-08 0.00E+00 0.00E+00
 1.50       0.0030 000 1.15E-09 5.99E-10 3.45E-09 3.46E-09 4.93E-08 0.00E+00 0.00E+00
 1.50       0.0060 000 2.75E-09 1.36E-09 7.78E-09 7.28E-09 8.81E-08 0.00E+00 0.00E+00
 1.50       0.0080 000 2.27E-09 1.29E-09 6.29E-09 5.92E-09 5.97E-08 0.00E+00 0.00E+00
 1.50       0.0100 000 2.39E-09 1.44E-09 6.76E-09 6.11E-09 5.35E-08 0.00E+00 0.00E+00
 1.50       0.0140 000 1.86E-09 1.47E-09 5.02E-09 4.71E-09 3.34E-08 0.00E+00 0.00E+00
 1.50       0.0200 000 9.75E-10 1.51E-09 2.77E-09 3.19E-09 1.99E-08 0.00E+00 0.00E+00
 2.00       0.0001 000 6.63E-11 3.19E-11 2.30E-10 3.75E-10 3.89E-09 0.00E+00 0.00E+00
 2.00       0.0003 000 1.93E-10 9.10E-11 6.58E-10 7.77E-10 1.02E-08 0.00E+00 0.00E+00
 2.00       0.0010 000 8.30E-10 3.70E-10 2.86E-09 3.24E-09 4.24E-08 0.00E+00 0.00E+00
 2.00       0.0020 000 2.16E-09 9.47E-10 7.65E-09 7.18E-09 1.06E-07 0.00E+00 0.00E+00
 2.00       0.0030 000 4.17E-09 1.80E-09 1.38E-08 1.30E-08 1.96E-07 0.00E+00 0.00E+00
 2.00       0.0060 000 1.03E-08 4.38E-09 3.07E-08 2.71E-08 3.25E-07 0.00E+00 0.00E+00
 2.00       0.0080 000 1.09E-08 4.77E-09 3.09E-08 2.65E-08 2.76E-07 0.00E+00 0.00E+00
 2.00       0.0100 000 1.16E-08 5.19E-09 3.20E-08 2.69E-08 2.44E-07 0.00E+00 0.00E+00
 2.00       0.0140 000 8.68E-09 4.42E-09 2.25E-08 1.88E-08 1.40E-07 0.00E+00 0.00E+00
 2.00       0.0200 000 5.39E-09 3.75E-09 1.35E-08 1.19E-08 7.94E-08 0.00E+00 0.00E+00
 2.50       0.0001 000 1.03E-10 4.49E-11 3.36E-10 8.29E-10 4.84E-09 0.00E+00 0.00E+00
 2.50       0.0003 000 1.24E-10 7.58E-11 4.22E-10 6.58E-10 6.90E-09 0.00E+00 0.00E+00
 2.50       0.0010 000 7.08E-10 3.51E-10 2.43E-09 3.65E-09 4.03E-08 0.00E+00 0.00E+00
 2.50       0.0020 000 1.80E-09 8.46E-10 5.99E-09 6.88E-09 9.48E-08 0.00E+00 0.00E+00
 2.50       0.0030 000 4.43E-09 1.89E-09 1.52E-08 1.45E-08 2.21E-07 0.00E+00 0.00E+00
 2.50       0.0060 000 1.80E-08 7.50E-09 5.67E-08 4.81E-08 5.85E-07 0.00E+00 0.00E+00
 2.50       0.0080 000 2.19E-08 9.26E-09 6.46E-08 5.40E-08 5.46E-07 0.00E+00 0.00E+00
 2.50       0.0100 000 2.21E-08 9.55E-09 6.14E-08 5.04E-08 4.40E-07 0.00E+00 0.00E+00
 2.50       0.0140 000 1.63E-08 7.69E-09 4.17E-08 3.38E-08 2.54E-07 0.00E+00 0.00E+00
 2.50       0.0200 000 9.94E-09 6.03E-09 2.41E-08 2.05E-08 1.47E-07 0.00E+00 0.00E+00
 3.00       0.0001 000 1.48E-10 6.11E-11 4.62E-10 1.14E-09 4.61E-09 0.00E+00 0.00E+00
 3.00       0.0003 000 3.08E-10 1.43E-10 9.95E-10 1.76E-09 1.34E-08 0.00E+00 0.00E+00
 3.00       0.0010 000 7.25E-10 3.80E-10 2.38E-09 4.24E-09 3.47E-08 0.00E+00 0.00E+00
 3.00       0.0020 000 1.38E-09 7.44E-10 4.58E-09 6.64E-09 6.96E-08 0.00E+00 0.00E+00
 3.00       0.0030 000 2.10E-09 1.15E-09 6.85E-09 7.47E-09 1.05E-07 0.00E+00 0.00E+00
 3.00       0.0060 000 7.54E-09 3.47E-09 2.46E-08 2.28E-08 2.92E-07 0.00E+00 0.00E+00
 3.00       0.0080 000 1.34E-08 5.94E-09 4.23E-08 3.62E-08 3.81E-07 0.00E+00 0.00E+00
 3.00       0.0100 000 1.56E-08 7.22E-09 4.60E-08 3.86E-08 3.44E-07 0.00E+00 0.00E+00
 3.00       0.0140 000 1.50E-08 7.59E-09 4.20E-08 3.44E-08 2.57E-07 0.00E+00 0.00E+00
 3.00       0.0200 000 1.06E-08 6.88E-09 2.73E-08 2.33E-08 1.65E-07 0.00E+00 0.00E+00
 4.00       0.0001 000 2.51E-10 9.75E-11 7.53E-10 1.95E-09 4.69E-09 0.00E+00 0.00E+00
 4.00       0.0003 000 1.77E-10 1.19E-10 5.64E-10 1.18E-09 6.10E-09 0.00E+00 0.00E+00
 4.00       0.0010 000 4.19E-10 3.46E-10 1.35E-09 2.37E-09 1.64E-08 0.00E+00 0.00E+00
 4.00       0.0020 000 7.08E-10 6.53E-10 2.30E-09 3.51E-09 3.02E-08 0.00E+00 0.00E+00
 4.00       0.0030 000 1.13E-09 1.01E-09 3.66E-09 4.68E-09 4.65E-08 0.00E+00 0.00E+00
 4.00       0.0060 000 2.96E-09 2.28E-09 9.21E-09 9.56E-09 1.03E-07 0.00E+00 0.00E+00
 4.00       0.0080 000 2.78E-09 2.67E-09 8.78E-09 8.92E-09 9.31E-08 0.00E+00 0.00E+00
 4.00       0.0100 000 3.71E-09 3.44E-09 1.15E-08 1.13E-08 1.06E-07 0.00E+00 0.00E+00
 4.00       0.0140 000 4.07E-09 4.41E-09 1.22E-08 1.22E-08 9.54E-08 0.00E+00 0.00E+00
 4.00       0.0200 000 6.07E-09 6.53E-09 1.76E-08 1.75E-08 1.28E-07 0.00E+00 0.00E+00
 5.00       0.0001 000 3.36E-10 1.30E-10 1.03E-09 2.80E-09 5.52E-09 0.00E+00 0.00E+00
 5.00       0.0003 000 1.53E-10 1.28E-10 4.64E-10 1.05E-09 3.18E-09 0.00E+00 0.00E+00
 5.00       0.0010 000 2.42E-10 3.48E-10 7.63E-10 1.40E-09 7.20E-09 0.00E+00 0.00E+00
 5.00       0.0020 000 4.40E-10 6.85E-10 1.41E-09 2.30E-09 1.55E-08 0.00E+00 0.00E+00
 5.00       0.0030 000 6.77E-10 1.04E-09 2.19E-09 3.23E-09 2.54E-08 0.00E+00 0.00E+00
 5.00       0.0060 000 1.39E-09 2.13E-09 4.51E-09 5.71E-09 5.27E-08 0.00E+00 0.00E+00
 5.00       0.0080 000 2.20E-09 2.97E-09 7.09E-09 8.41E-09 7.81E-08 0.00E+00 0.00E+00
 5.00       0.0100 000 2.34E-09 3.59E-09 7.52E-09 8.77E-09 7.35E-08 0.00E+00 0.00E+00
 5.00       0.0140 000 2.58E-09 4.74E-09 8.25E-09 1.01E-08 7.18E-08 0.00E+00 0.00E+00
 5.00       0.0200 000 2.88E-09 6.61E-09 9.21E-09 1.22E-08 7.92E-08 0.00E+00 0.00E+00
 6.00       0.0001 000 6.65E-11 5.73E-11 2.17E-10 5.71E-10 1.56E-09 0.00E+00 0.00E+00
 6.00       0.0003 000 1.03E-10 1.29E-10 3.18E-10 6.82E-10 2.22E-09 0.00E+00 0.00E+00
 6.00       0.0010 000 2.23E-10 3.98E-10 6.88E-10 1.23E-09 5.45E-09 0.00E+00 0.00E+00
 6.00       0.0020 000 3.36E-10 7.75E-10 1.05E-09 1.57E-09 9.53E-09 0.00E+00 0.00E+00
 6.00       0.0030 000 4.97E-10 1.20E-09 1.56E-09 2.26E-09 1.47E-08 0.00E+00 0.00E+00
 6.00       0.0060 000 1.09E-09 2.37E-09 3.49E-09 4.92E-09 3.60E-08 0.00E+00 0.00E+00
 6.00       0.0080 000 1.59E-09 3.21E-09 5.11E-09 6.95E-09 5.31E-08 0.00E+00 0.00E+00
 6.00       0.0100 000 2.09E-09 4.09E-09 6.75E-09 8.91E-09 6.76E-08 0.00E+00 0.00E+00
 6.00       0.0140 000 2.43E-09 5.49E-09 7.78E-09 1.05E-08 7.08E-08 0.00E+00 0.00E+00
 6.00       0.0200 000 3.14E-09 7.91E-09 1.01E-08 1.41E-08 9.09E-08 0.00E+00 0.00E+00