 Mass  Metallicity IRV          C12           C13           C14 
 1.30       0.0001 000 3.04E-03 7.08E-07 2.57E-09
 1.30       0.0003 000 2.71E-03 1.14E-06 6.91E-11
 1.30       0.0010 000 2.23E-03 3.24E-06 3.14E-11
 1.30       0.0020 000 2.17E-03 6.73E-06 1.14E-09
 1.30       0.0030 000 1.34E-03 9.77E-06 1.60E-11
 1.30       0.0060 000 1.18E-03 2.02E-05 1.28E-11
 1.30       0.0080 000 7.96E-04 2.69E-05 4.03E-12
 1.30       0.0100 000 8.92E-04 3.40E-05 2.03E-12
 1.30       0.0140 000 1.15E-03 4.95E-05 0.00E+00
 1.30       0.0200 000 1.66E-03 6.97E-05 0.00E+00
 1.50       0.0001 000 6.86E-03 9.55E-07 3.67E-09
 1.50       0.0003 000 6.08E-03 1.48E-06 2.40E-10
 1.50       0.0010 000 5.04E-03 4.03E-06 1.57E-10
 1.50       0.0020 000 4.94E-03 8.44E-06 1.32E-09
 1.50       0.0030 000 3.59E-03 1.23E-05 5.52E-11
 1.50       0.0060 000 3.64E-03 2.53E-05 4.80E-11
 1.50       0.0080 000 2.76E-03 3.46E-05 3.03E-11
 1.50       0.0100 000 3.10E-03 4.42E-05 2.65E-11
 1.50       0.0140 000 3.06E-03 6.05E-05 2.76E-11
 1.50       0.0200 000 3.37E-03 8.83E-05 2.50E-11
 2.00       0.0001 000 1.53E-02 9.44E-07 1.03E-08
 2.00       0.0003 000 1.31E-02 2.02E-06 1.73E-09
 2.00       0.0010 000 1.23E-02 5.85E-06 9.03E-10
 2.00       0.0020 000 1.26E-02 1.23E-05 2.84E-09
 2.00       0.0030 000 1.08E-02 1.81E-05 3.10E-10
 2.00       0.0060 000 1.02E-02 3.72E-05 2.45E-10
 2.00       0.0080 000 8.68E-03 4.98E-05 1.78E-10
 2.00       0.0100 000 9.39E-03 6.34E-05 1.66E-10
 2.00       0.0140 000 8.27E-03 8.85E-05 1.24E-10
 2.00       0.0200 000 9.42E-03 1.31E-04 3.38E-09
 2.50       0.0001 000 1.42E-02 6.90E-06 2.58E-08
 2.50       0.0003 000 1.00E-02 2.66E-06 1.86E-09
 2.50       0.0010 000 1.23E-02 7.78E-06 1.29E-09
 2.50       0.0020 000 1.30E-02 1.61E-05 5.11E-09
 2.50       0.0030 000 1.30E-02 2.40E-05 7.38E-10
 2.50       0.0060 000 1.70E-02 4.93E-05 4.15E-10
 2.50       0.0080 000 1.60E-02 6.70E-05 4.28E-10
 2.50       0.0100 000 1.63E-02 8.45E-05 2.49E-10
 2.50       0.0140 000 1.44E-02 1.18E-04 1.99E-10
 2.50       0.0200 000 1.67E-02 1.72E-04 2.10E-10
 3.00       0.0001 000 1.18E-02 4.69E-05 4.67E-08
 3.00       0.0003 000 7.40E-03 1.24E-05 2.50E-09
 3.00       0.0010 000 7.68E-03 1.78E-05 1.22E-09
 3.00       0.0020 000 7.78E-03 2.37E-05 2.30E-08
 3.00       0.0030 000 6.77E-03 3.10E-05 4.76E-10
 3.00       0.0060 000 9.52E-03 6.25E-05 5.30E-10
 3.00       0.0080 000 1.17E-02 8.53E-05 5.98E-10
 3.00       0.0100 000 1.31E-02 1.07E-04 8.90E-10
 3.00       0.0140 000 1.49E-02 1.48E-04 7.25E-10
 3.00       0.0200 000 1.80E-02 2.13E-04 9.85E-10
 4.00       0.0001 000 1.39E-02 5.42E-05 3.17E-08
 4.00       0.0003 000 8.60E-03 2.35E-05 1.95E-09
 4.00       0.0010 000 5.97E-03 2.33E-05 8.96E-08
 4.00       0.0020 000 6.39E-03 3.53E-05 9.83E-08
 4.00       0.0030 000 4.93E-03 4.68E-05 1.12E-07
 4.00       0.0060 000 5.41E-03 1.34E-04 8.73E-08
 4.00       0.0080 000 4.49E-03 1.22E-04 7.95E-08
 4.00       0.0100 000 5.01E-03 1.53E-04 7.23E-08
 4.00       0.0140 000 5.89E-03 2.14E-04 6.69E-08
 4.00       0.0200 000 8.80E-03 3.15E-04 3.78E-08
 5.00       0.0001 000 1.27E-02 1.86E-04 1.32E-08
 5.00       0.0003 000 8.97E-03 6.79E-05 1.15E-09
 5.00       0.0010 000 6.51E-03 5.09E-05 4.35E-08
 5.00       0.0020 000 6.70E-03 5.88E-05 6.38E-08
 5.00       0.0030 000 5.17E-03 6.22E-05 9.82E-08
 5.00       0.0060 000 4.59E-03 1.16E-04 9.01E-08
 5.00       0.0080 000 5.45E-03 1.56E-04 9.20E-08
 5.00       0.0100 000 5.62E-03 1.95E-04 8.36E-08
 5.00       0.0140 000 6.49E-03 2.76E-04 6.02E-08
 5.00       0.0200 000 8.58E-03 4.02E-04 4.31E-08
 6.00       0.0001 000 3.85E-03 2.45E-04 6.40E-09
 6.00       0.0003 000 4.90E-03 1.93E-04 5.06E-10
 6.00       0.0010 000 5.21E-03 2.14E-04 4.01E-10
 6.00       0.0020 000 4.44E-03 1.22E-04 1.74E-08
 6.00       0.0030 000 4.02E-03 1.10E-04 2.22E-08
 6.00       0.0060 000 4.82E-03 1.39E-04 5.30E-08
 6.00       0.0080 000 5.81E-03 1.82E-04 7.01E-08
 6.00       0.0100 000 6.68E-03 2.31E-04 8.27E-08
 6.00       0.0140 000 7.49E-03 3.25E-04 5.63E-08
 6.00       0.0200 000 9.94E-03 4.75E-04 4.07E-08