 Mass  Metallicity IRV         Ca40          Ca41          Ca42          Ca43          Ca44          Ca45          Ca46          Ca47          Ca48 
 1.30       0.0001 000 8.92E-07 1.31E-11 2.40E-09 5.15E-10 7.10E-09 0.00E+00 2.13E-10 0.00E+00 6.61E-10
 1.30       0.0003 000 2.79E-06 5.30E-11 7.14E-09 1.52E-09 2.19E-08 0.00E+00 6.40E-10 0.00E+00 2.07E-09
 1.30       0.0010 000 2.96E-06 4.10E-11 2.15E-08 4.59E-09 7.05E-08 0.00E+00 2.05E-10 0.00E+00 6.86E-09
 1.30       0.0020 000 6.06E-06 7.89E-11 4.37E-08 9.32E-09 1.44E-07 0.00E+00 3.77E-10 0.00E+00 1.40E-08
 1.30       0.0030 000 9.01E-06 5.21E-11 6.41E-08 1.37E-08 2.14E-07 0.00E+00 4.78E-10 0.00E+00 2.09E-08
 1.30       0.0060 000 1.84E-05 6.45E-11 1.31E-07 2.79E-08 4.37E-07 0.00E+00 9.63E-10 0.00E+00 4.27E-08
 1.30       0.0080 000 2.44E-05 2.04E-11 1.71E-07 3.66E-08 5.78E-07 0.00E+00 1.18E-09 0.00E+00 5.65E-08
 1.30       0.0100 000 3.08E-05 1.32E-11 2.16E-07 4.61E-08 7.28E-07 0.00E+00 1.47E-09 0.00E+00 7.12E-08
 1.30       0.0140 000 4.43E-05 0.00E+00 3.10E-07 6.63E-08 1.05E-06 0.00E+00 2.10E-09 0.00E+00 1.03E-07
 1.30       0.0200 000 6.26E-05 5.71E-13 4.39E-07 9.37E-08 1.48E-06 0.00E+00 2.97E-09 0.00E+00 1.45E-07
 1.50       0.0001 000 1.18E-06 4.81E-11 3.64E-09 7.85E-10 9.72E-09 0.00E+00 3.84E-10 0.00E+00 8.85E-10
 1.50       0.0003 000 3.58E-06 1.65E-10 1.01E-08 2.15E-09 2.88E-08 0.00E+00 1.20E-09 0.00E+00 2.68E-09
 1.50       0.0010 000 3.83E-06 1.63E-10 2.87E-08 6.10E-09 9.18E-08 0.00E+00 2.88E-10 0.00E+00 8.91E-09
 1.50       0.0020 000 7.73E-06 2.98E-10 5.74E-08 1.23E-08 1.86E-07 0.00E+00 1.01E-09 0.00E+00 1.80E-08
 1.50       0.0030 000 1.16E-05 2.93E-10 8.49E-08 1.81E-08 2.79E-07 0.00E+00 1.00E-09 0.00E+00 2.70E-08
 1.50       0.0060 000 2.37E-05 6.04E-10 1.71E-07 3.65E-08 5.65E-07 0.00E+00 1.46E-09 0.00E+00 5.49E-08
 1.50       0.0080 000 3.15E-05 3.14E-10 2.25E-07 4.79E-08 7.49E-07 0.00E+00 1.69E-09 0.00E+00 7.30E-08
 1.50       0.0100 000 4.05E-05 7.13E-10 2.91E-07 6.20E-08 9.65E-07 0.00E+00 2.45E-09 0.00E+00 9.39E-08
 1.50       0.0140 000 5.53E-05 8.95E-10 3.93E-07 8.37E-08 1.31E-06 0.00E+00 2.86E-09 0.00E+00 1.28E-07
 1.50       0.0200 000 7.90E-05 4.96E-10 5.61E-07 1.20E-07 1.87E-06 0.00E+00 4.03E-09 0.00E+00 1.83E-07
 2.00       0.0001 000 1.89E-06 1.76E-10 7.24E-09 1.67E-09 1.62E-08 0.00E+00 4.23E-10 0.00E+00 1.41E-09
 2.00       0.0003 000 5.61E-06 5.20E-10 1.81E-08 3.92E-09 4.49E-08 0.00E+00 3.95E-10 0.00E+00 4.15E-09
 2.00       0.0010 000 5.96E-06 5.18E-10 4.78E-08 1.03E-08 1.46E-07 0.00E+00 1.74E-09 0.00E+00 1.40E-08
 2.00       0.0020 000 1.22E-05 8.88E-10 9.47E-08 2.02E-08 2.95E-07 0.00E+00 1.35E-09 0.00E+00 2.84E-08
 2.00       0.0030 000 1.84E-05 1.20E-09 1.40E-07 2.97E-08 4.46E-07 0.00E+00 2.01E-09 0.00E+00 4.28E-08
 2.00       0.0060 000 3.72E-05 2.47E-09 2.77E-07 5.90E-08 8.97E-07 0.00E+00 2.96E-09 0.00E+00 8.63E-08
 2.00       0.0080 000 4.84E-05 2.11E-09 3.56E-07 7.56E-08 1.16E-06 0.00E+00 3.07E-09 0.00E+00 1.12E-07
 2.00       0.0100 000 6.20E-05 3.64E-09 4.56E-07 9.69E-08 1.49E-06 0.00E+00 3.79E-09 0.00E+00 1.44E-07
 2.00       0.0140 000 8.53E-05 3.97E-09 6.19E-07 1.32E-07 2.04E-06 0.00E+00 4.69E-09 0.00E+00 1.98E-07
 2.00       0.0200 000 1.24E-04 6.74E-09 9.03E-07 1.92E-07 2.98E-06 0.00E+00 6.78E-09 0.00E+00 2.89E-07
 2.50       0.0001 000 2.50E-06 1.39E-10 8.45E-09 2.03E-09 2.24E-08 0.00E+00 1.88E-09 0.00E+00 1.92E-09
 2.50       0.0003 000 7.54E-06 5.50E-10 2.17E-08 4.84E-09 6.00E-08 0.00E+00 8.60E-10 0.00E+00 5.56E-09
 2.50       0.0010 000 8.06E-06 6.82E-10 6.36E-08 1.39E-08 1.96E-07 0.00E+00 1.65E-09 0.00E+00 1.88E-08
 2.50       0.0020 000 1.64E-05 1.33E-09 1.26E-07 2.72E-08 3.95E-07 0.00E+00 2.00E-09 0.00E+00 3.82E-08
 2.50       0.0030 000 2.49E-05 2.03E-09 1.88E-07 4.01E-08 6.00E-07 0.00E+00 1.83E-09 0.00E+00 5.80E-08
 2.50       0.0060 000 5.04E-05 3.12E-09 3.82E-07 8.12E-08 1.23E-06 0.00E+00 6.90E-09 0.00E+00 1.17E-07
 2.50       0.0080 000 6.71E-05 3.68E-09 5.05E-07 1.07E-07 1.63E-06 0.00E+00 6.33E-09 0.00E+00 1.56E-07
 2.50       0.0100 000 8.44E-05 4.32E-09 6.32E-07 1.34E-07 2.05E-06 0.00E+00 6.31E-09 0.00E+00 1.96E-07
 2.50       0.0140 000 1.16E-04 4.76E-09 8.63E-07 1.83E-07 2.82E-06 0.00E+00 8.40E-09 0.00E+00 2.70E-07
 2.50       0.0200 000 1.69E-04 7.32E-09 1.26E-06 2.67E-07 4.09E-06 0.00E+00 1.04E-08 0.00E+00 3.93E-07
 3.00       0.0001 000 3.15E-06 9.61E-11 9.31E-09 2.16E-09 2.71E-08 0.00E+00 2.60E-09 0.00E+00 2.49E-09
 3.00       0.0003 000 9.33E-06 3.94E-10 2.47E-08 5.53E-09 7.44E-08 0.00E+00 1.69E-09 0.00E+00 6.89E-09
 3.00       0.0010 000 9.94E-06 4.82E-10 7.42E-08 1.61E-08 2.40E-07 0.00E+00 2.18E-09 0.00E+00 2.31E-08
 3.00       0.0020 000 2.02E-05 1.16E-09 1.49E-07 3.23E-08 4.84E-07 0.00E+00 2.60E-09 0.00E+00 4.69E-08
 3.00       0.0030 000 3.06E-05 1.76E-09 2.22E-07 4.75E-08 7.30E-07 0.00E+00 2.16E-09 0.00E+00 7.10E-08
 3.00       0.0060 000 6.27E-05 4.48E-09 4.53E-07 9.65E-08 1.49E-06 0.00E+00 3.51E-09 0.00E+00 1.45E-07
 3.00       0.0080 000 8.42E-05 5.54E-09 6.11E-07 1.30E-07 2.01E-06 0.00E+00 4.55E-09 0.00E+00 1.95E-07
 3.00       0.0100 000 1.06E-04 7.39E-09 7.75E-07 1.65E-07 2.55E-06 0.00E+00 6.15E-09 0.00E+00 2.47E-07
 3.00       0.0140 000 1.46E-04 9.75E-09 1.06E-06 2.26E-07 3.50E-06 0.00E+00 7.84E-09 0.00E+00 3.39E-07
 3.00       0.0200 000 2.08E-04 1.38E-08 1.53E-06 3.24E-07 5.00E-06 0.00E+00 1.14E-08 0.00E+00 4.84E-07
 4.00       0.0001 000 4.53E-06 7.60E-11 1.29E-08 2.95E-09 3.82E-08 0.00E+00 4.33E-09 0.00E+00 3.89E-09
 4.00       0.0003 000 1.34E-05 3.67E-10 3.40E-08 7.60E-09 1.06E-07 0.00E+00 3.36E-09 0.00E+00 9.93E-09
 4.00       0.0010 000 1.41E-05 3.85E-10 1.03E-07 2.22E-08 3.39E-07 0.00E+00 2.32E-09 0.00E+00 3.29E-08
 4.00       0.0020 000 2.83E-05 9.82E-10 2.04E-07 4.40E-08 6.74E-07 0.00E+00 3.36E-09 0.00E+00 6.56E-08
 4.00       0.0030 000 4.28E-05 1.29E-09 3.05E-07 6.55E-08 1.02E-06 0.00E+00 2.94E-09 0.00E+00 9.91E-08
 4.00       0.0060 000 8.63E-05 2.93E-09 6.13E-07 1.31E-07 2.05E-06 0.00E+00 4.59E-09 0.00E+00 2.00E-07
 4.00       0.0080 000 1.15E-04 2.41E-09 8.13E-07 1.74E-07 2.73E-06 0.00E+00 5.65E-09 0.00E+00 2.67E-07
 4.00       0.0100 000 1.45E-04 2.88E-09 1.02E-06 2.18E-07 3.43E-06 0.00E+00 7.00E-09 0.00E+00 3.35E-07
 4.00       0.0140 000 2.00E-04 3.36E-09 1.41E-06 3.01E-07 4.75E-06 0.00E+00 9.59E-09 0.00E+00 4.64E-07
 4.00       0.0200 000 2.95E-04 6.42E-09 2.08E-06 4.45E-07 7.00E-06 0.00E+00 1.41E-08 0.00E+00 6.83E-07
 5.00       0.0001 000 5.90E-06 3.24E-10 1.57E-08 3.52E-09 4.81E-08 0.00E+00 4.37E-09 0.00E+00 5.09E-09
 5.00       0.0003 000 1.74E-05 1.16E-09 4.28E-08 9.47E-09 1.36E-07 0.00E+00 4.71E-09 0.00E+00 1.30E-08
 5.00       0.0010 000 1.84E-05 1.21E-09 1.33E-07 2.86E-08 4.40E-07 0.00E+00 3.49E-09 0.00E+00 4.28E-08
 5.00       0.0020 000 3.68E-05 2.30E-09 2.65E-07 5.69E-08 8.78E-07 0.00E+00 5.08E-09 0.00E+00 8.54E-08
 5.00       0.0030 000 5.55E-05 3.29E-09 3.95E-07 8.48E-08 1.32E-06 0.00E+00 4.32E-09 0.00E+00 1.29E-07
 5.00       0.0060 000 1.12E-04 2.95E-09 7.90E-07 1.69E-07 2.65E-06 0.00E+00 5.91E-09 0.00E+00 2.59E-07
 5.00       0.0080 000 1.50E-04 2.92E-09 1.06E-06 2.26E-07 3.55E-06 0.00E+00 7.69E-09 0.00E+00 3.47E-07
 5.00       0.0100 000 1.87E-04 2.91E-09 1.32E-06 2.81E-07 4.43E-06 0.00E+00 9.14E-09 0.00E+00 4.34E-07
 5.00       0.0140 000 2.59E-04 3.08E-09 1.82E-06 3.89E-07 6.14E-06 0.00E+00 1.24E-08 0.00E+00 6.00E-07
 5.00       0.0200 000 3.78E-04 3.06E-09 2.65E-06 5.66E-07 8.94E-06 0.00E+00 1.80E-08 0.00E+00 8.74E-07
 6.00       0.0001 000 8.20E-06 1.28E-09 1.91E-08 4.13E-09 6.26E-08 0.00E+00 1.22E-09 0.00E+00 6.08E-09
 6.00       0.0003 000 2.13E-05 2.89E-09 4.98E-08 1.08E-08 1.63E-07 0.00E+00 3.04E-09 0.00E+00 1.57E-08
 6.00       0.0010 000 2.25E-05 2.84E-09 1.61E-07 3.46E-08 5.36E-07 0.00E+00 3.94E-09 0.00E+00 5.22E-08
 6.00       0.0020 000 4.57E-05 5.95E-09 3.25E-07 6.96E-08 1.09E-06 0.00E+00 4.46E-09 0.00E+00 1.06E-07
 6.00       0.0030 000 7.10E-05 9.06E-09 5.02E-07 1.07E-07 1.68E-06 0.00E+00 4.67E-09 0.00E+00 1.64E-07
 6.00       0.0060 000 1.37E-04 1.21E-08 9.66E-07 2.07E-07 3.25E-06 0.00E+00 7.70E-09 0.00E+00 3.17E-07
 6.00       0.0080 000 1.82E-04 1.27E-08 1.29E-06 2.75E-07 4.32E-06 0.00E+00 9.72E-09 0.00E+00 4.22E-07
 6.00       0.0100 000 2.30E-04 1.18E-08 1.62E-06 3.46E-07 5.44E-06 0.00E+00 1.17E-08 0.00E+00 5.32E-07
 6.00       0.0140 000 3.17E-04 1.79E-08 2.23E-06 4.76E-07 7.51E-06 0.00E+00 1.54E-08 0.00E+00 7.35E-07
 6.00       0.0200 000 4.63E-04 1.47E-08 3.25E-06 6.93E-07 1.10E-05 0.00E+00 2.21E-08 0.00E+00 1.07E-06