 Mass  Metallicity IRV         Eu51          Eu52          Eu53          Eu54          Eu55          Eu56          Eu57 
 1.30     0.000020  000 6.19E-12 0.00E+00 4.48E-12 0.00E+00 0.00E+00 0.00E+00 0.00E+00
 1.30     0.000050  000 6.14E-12 0.00E+00 7.42E-12 0.00E+00 0.00E+00 0.00E+00 0.00E+00
 1.30     0.000100  000 1.93E-12 0.00E+00 2.26E-12 0.00E+00 0.00E+00 0.00E+00 0.00E+00
 1.30     0.000300  000 5.22E-12 0.00E+00 6.08E-12 0.00E+00 0.00E+00 0.00E+00 0.00E+00
 1.30     0.001000  000 1.55E-11 0.00E+00 1.78E-11 0.00E+00 0.00E+00 0.00E+00 0.00E+00
 1.30     0.002000  000 3.68E-11 0.00E+00 4.20E-11 0.00E+00 0.00E+00 0.00E+00 0.00E+00
 1.30     0.003000  000 4.36E-11 0.00E+00 4.80E-11 0.00E+00 0.00E+00 0.00E+00 0.00E+00
 1.30     0.006000  000 6.80E-11 0.00E+00 7.52E-11 0.00E+00 0.00E+00 0.00E+00 0.00E+00
 1.30     0.008000  000 7.34E-11 0.00E+00 8.13E-11 0.00E+00 0.00E+00 0.00E+00 0.00E+00
 1.30     0.010000  000 9.10E-11 0.00E+00 1.01E-10 0.00E+00 0.00E+00 0.00E+00 0.00E+00
 1.30     0.014000  000 1.31E-10 0.00E+00 1.45E-10 0.00E+00 0.00E+00 0.00E+00 0.00E+00
 1.30     0.020000  000 1.85E-10 0.00E+00 2.04E-10 0.00E+00 0.00E+00 0.00E+00 0.00E+00
 1.50     0.000020  000 1.01E-11 0.00E+00 8.98E-12 0.00E+00 0.00E+00 0.00E+00 0.00E+00
 1.50     0.000050  000 1.05E-11 0.00E+00 1.27E-11 0.00E+00 0.00E+00 0.00E+00 0.00E+00
 1.50     0.000100  000 4.04E-12 0.00E+00 4.78E-12 0.00E+00 0.00E+00 0.00E+00 0.00E+00
 1.50     0.000300  000 1.12E-11 0.00E+00 1.33E-11 0.00E+00 0.00E+00 0.00E+00 0.00E+00
 1.50     0.001000  000 3.04E-11 0.00E+00 3.45E-11 0.00E+00 0.00E+00 0.00E+00 0.00E+00
 1.50     0.002000  000 8.32E-11 0.00E+00 9.75E-11 0.00E+00 0.00E+00 0.00E+00 0.00E+00
 1.50     0.003000  000 1.15E-10 0.00E+00 1.25E-10 0.00E+00 0.00E+00 0.00E+00 0.00E+00
 1.50     0.006000  000 1.68E-10 0.00E+00 1.79E-10 0.00E+00 0.00E+00 0.00E+00 0.00E+00
 1.50     0.008000  000 1.42E-10 0.00E+00 1.54E-10 0.00E+00 0.00E+00 0.00E+00 0.00E+00
 1.50     0.010000  000 1.52E-10 0.00E+00 1.66E-10 0.00E+00 0.00E+00 0.00E+00 0.00E+00
 1.50     0.014000  000 1.74E-10 0.00E+00 1.91E-10 0.00E+00 0.00E+00 0.00E+00 0.00E+00
 1.50     0.020000  000 2.34E-10 0.00E+00 2.59E-10 0.00E+00 0.00E+00 0.00E+00 0.00E+00
 2.00     0.000020  000 4.22E-12 0.00E+00 5.10E-12 0.00E+00 0.00E+00 0.00E+00 0.00E+00
 2.00     0.000050  000 1.84E-11 0.00E+00 2.23E-11 0.00E+00 0.00E+00 0.00E+00 0.00E+00
 2.00     0.000100  000 8.75E-12 0.00E+00 1.05E-11 0.00E+00 0.00E+00 0.00E+00 0.00E+00
 2.00     0.000300  000 2.18E-11 0.00E+00 2.61E-11 0.00E+00 0.00E+00 0.00E+00 0.00E+00
 2.00     0.001000  000 8.70E-11 0.00E+00 9.95E-11 0.00E+00 0.00E+00 0.00E+00 0.00E+00
 2.00     0.002000  000 2.00E-10 0.00E+00 2.36E-10 0.00E+00 0.00E+00 0.00E+00 0.00E+00
 2.00     0.003000  000 3.65E-10 0.00E+00 4.08E-10 0.00E+00 0.00E+00 0.00E+00 0.00E+00
 2.00     0.006000  000 4.61E-10 0.00E+00 4.95E-10 0.00E+00 0.00E+00 0.00E+00 0.00E+00
 2.00     0.008000  000 3.81E-10 0.00E+00 4.16E-10 0.00E+00 0.00E+00 0.00E+00 0.00E+00
 2.00     0.010000  000 3.48E-10 0.00E+00 3.68E-10 0.00E+00 0.00E+00 0.00E+00 0.00E+00
 2.00     0.014000  000 3.21E-10 0.00E+00 3.46E-10 0.00E+00 0.00E+00 0.00E+00 0.00E+00
 2.00     0.020000  000 3.94E-10 0.00E+00 4.31E-10 0.00E+00 0.00E+00 0.00E+00 0.00E+00
 2.50     0.000100  000 1.31E-11 0.00E+00 1.58E-11 0.00E+00 0.00E+00 0.00E+00 0.00E+00
 2.50     0.000300  000 1.90E-11 0.00E+00 2.24E-11 0.00E+00 0.00E+00 0.00E+00 0.00E+00
 2.50     0.001000  000 9.38E-11 0.00E+00 1.07E-10 0.00E+00 0.00E+00 0.00E+00 0.00E+00
 2.50     0.002000  000 2.08E-10 0.00E+00 2.46E-10 0.00E+00 0.00E+00 0.00E+00 0.00E+00
 2.50     0.003000  000 4.21E-10 0.00E+00 4.72E-10 0.00E+00 0.00E+00 0.00E+00 0.00E+00
 2.50     0.006000  000 7.72E-10 0.00E+00 8.64E-10 0.00E+00 0.00E+00 0.00E+00 0.00E+00
 2.50     0.008000  000 6.53E-10 0.00E+00 7.14E-10 0.00E+00 0.00E+00 0.00E+00 0.00E+00
 2.50     0.010000  000 5.44E-10 0.00E+00 5.85E-10 0.00E+00 0.00E+00 0.00E+00 0.00E+00
 2.50     0.014000  000 4.87E-10 0.00E+00 5.25E-10 0.00E+00 0.00E+00 0.00E+00 0.00E+00
 2.50     0.020000  000 5.64E-10 0.00E+00 6.15E-10 0.00E+00 0.00E+00 0.00E+00 0.00E+00
 3.00     0.000100  000 1.12E-11 0.00E+00 1.34E-11 0.00E+00 0.00E+00 0.00E+00 0.00E+00
 3.00     0.000300  000 3.21E-11 0.00E+00 3.81E-11 0.00E+00 0.00E+00 0.00E+00 0.00E+00
 3.00     0.001000  000 9.00E-11 0.00E+00 1.06E-10 0.00E+00 0.00E+00 0.00E+00 0.00E+00
 3.00     0.002000  000 1.72E-10 0.00E+00 2.02E-10 0.00E+00 0.00E+00 0.00E+00 0.00E+00
 3.00     0.003000  000 2.59E-10 0.00E+00 3.03E-10 0.00E+00 0.00E+00 0.00E+00 0.00E+00
 3.00     0.006000  000 5.24E-10 0.00E+00 5.78E-10 0.00E+00 0.00E+00 0.00E+00 0.00E+00
 3.00     0.008000  000 5.71E-10 0.00E+00 6.45E-10 0.00E+00 0.00E+00 0.00E+00 0.00E+00
 3.00     0.010000  000 5.41E-10 0.00E+00 5.87E-10 0.00E+00 0.00E+00 0.00E+00 0.00E+00
 3.00     0.014000  000 5.64E-10 0.00E+00 6.14E-10 0.00E+00 0.00E+00 0.00E+00 0.00E+00
 3.00     0.020000  000 6.85E-10 0.00E+00 7.49E-10 0.00E+00 0.00E+00 0.00E+00 0.00E+00
 4.00     0.000100  000 9.59E-12 0.00E+00 1.12E-11 0.00E+00 0.00E+00 0.00E+00 0.00E+00
 4.00     0.000300  000 2.19E-11 0.00E+00 2.54E-11 0.00E+00 0.00E+00 0.00E+00 0.00E+00
 4.00     0.001000  000 6.57E-11 0.00E+00 7.53E-11 0.00E+00 0.00E+00 0.00E+00 0.00E+00
 4.00     0.002000  000 1.26E-10 0.00E+00 1.44E-10 0.00E+00 0.00E+00 0.00E+00 0.00E+00
 4.00     0.003000  000 1.85E-10 0.00E+00 2.10E-10 0.00E+00 0.00E+00 0.00E+00 0.00E+00
 4.00     0.006000  000 3.68E-10 0.00E+00 4.18E-10 0.00E+00 0.00E+00 0.00E+00 0.00E+00
 4.00     0.008000  000 4.24E-10 0.00E+00 4.76E-10 0.00E+00 0.00E+00 0.00E+00 0.00E+00
 4.00     0.010000  000 5.02E-10 0.00E+00 5.61E-10 0.00E+00 0.00E+00 0.00E+00 0.00E+00
 4.00     0.014000  000 6.33E-10 0.00E+00 7.03E-10 0.00E+00 0.00E+00 0.00E+00 0.00E+00
 4.00     0.020000  000 9.21E-10 0.00E+00 1.02E-09 0.00E+00 0.00E+00 0.00E+00 0.00E+00
 5.00     0.000100  000 1.12E-11 0.00E+00 1.31E-11 0.00E+00 0.00E+00 0.00E+00 0.00E+00
 5.00     0.000300  000 1.83E-11 0.00E+00 2.08E-11 0.00E+00 0.00E+00 0.00E+00 0.00E+00
 5.00     0.001000  000 5.81E-11 0.00E+00 6.53E-11 0.00E+00 0.00E+00 0.00E+00 0.00E+00
 5.00     0.002000  000 1.21E-10 0.00E+00 1.37E-10 0.00E+00 0.00E+00 0.00E+00 0.00E+00
 5.00     0.003000  000 1.85E-10 0.00E+00 2.09E-10 0.00E+00 0.00E+00 0.00E+00 0.00E+00
 5.00     0.006000  000 3.76E-10 0.00E+00 4.22E-10 0.00E+00 0.00E+00 0.00E+00 0.00E+00
 5.00     0.008000  000 5.06E-10 0.00E+00 5.67E-10 0.00E+00 0.00E+00 0.00E+00 0.00E+00
 5.00     0.010000  000 5.92E-10 0.00E+00 6.58E-10 0.00E+00 0.00E+00 0.00E+00 0.00E+00
 5.00     0.014000  000 7.80E-10 0.00E+00 8.65E-10 0.00E+00 0.00E+00 0.00E+00 0.00E+00
 5.00     0.020000  000 1.12E-09 0.00E+00 1.24E-09 0.00E+00 0.00E+00 0.00E+00 0.00E+00
 6.00     0.000100  000 8.31E-12 0.00E+00 9.50E-12 0.00E+00 0.00E+00 0.00E+00 0.00E+00
 6.00     0.000300  000 1.97E-11 0.00E+00 2.24E-11 0.00E+00 0.00E+00 0.00E+00 0.00E+00
 6.00     0.001000  000 6.44E-11 0.00E+00 7.28E-11 0.00E+00 0.00E+00 0.00E+00 0.00E+00
 6.00     0.002000  000 1.30E-10 0.00E+00 1.47E-10 0.00E+00 0.00E+00 0.00E+00 0.00E+00
 6.00     0.003000  000 2.02E-10 0.00E+00 2.28E-10 0.00E+00 0.00E+00 0.00E+00 0.00E+00
 6.00     0.006000  000 4.07E-10 0.00E+00 4.58E-10 0.00E+00 0.00E+00 0.00E+00 0.00E+00
 6.00     0.008000  000 5.50E-10 0.00E+00 6.18E-10 0.00E+00 0.00E+00 0.00E+00 0.00E+00
 6.00     0.010000  000 6.93E-10 0.00E+00 7.76E-10 0.00E+00 0.00E+00 0.00E+00 0.00E+00
 6.00     0.014000  000 9.22E-10 0.00E+00 1.03E-09 0.00E+00 0.00E+00 0.00E+00 0.00E+00
 6.00     0.020000  000 1.34E-09 0.00E+00 1.50E-09 0.00E+00 0.00E+00 0.00E+00 0.00E+00