 Mass  Metallicity IRV         Fe54          Fe55          Fe56          Fe57          Fe58          Fe59          Fe60 
 1.30       0.0001 000 3.30E-07 0.00E+00 5.40E-06 1.36E-07 2.82E-08 0.00E+00 3.74E-09
 1.30       0.0003 000 1.03E-06 0.00E+00 1.69E-05 4.17E-07 7.69E-08 0.00E+00 1.32E-08
 1.30       0.0010 000 3.46E-06 0.00E+00 5.66E-05 1.39E-06 2.61E-07 0.00E+00 4.30E-09
 1.30       0.0020 000 7.10E-06 0.00E+00 1.16E-04 2.83E-06 4.97E-07 0.00E+00 4.90E-09
 1.30       0.0030 000 1.06E-05 0.00E+00 1.72E-04 4.13E-06 6.46E-07 0.00E+00 2.15E-09
 1.30       0.0060 000 2.17E-05 0.00E+00 3.53E-04 8.39E-06 1.26E-06 0.00E+00 4.05E-09
 1.30       0.0080 000 2.87E-05 0.00E+00 4.67E-04 1.10E-05 1.52E-06 0.00E+00 6.53E-10
 1.30       0.0100 000 3.62E-05 0.00E+00 5.89E-04 1.39E-05 1.90E-06 0.00E+00 2.79E-10
 1.30       0.0140 000 5.21E-05 0.00E+00 8.48E-04 1.99E-05 2.70E-06 0.00E+00 0.00E+00
 1.30       0.0200 000 7.36E-05 0.00E+00 1.20E-03 2.82E-05 3.82E-06 0.00E+00 0.00E+00
 1.50       0.0001 000 4.32E-07 0.00E+00 7.12E-06 1.92E-07 5.58E-08 0.00E+00 7.35E-09
 1.50       0.0003 000 1.32E-06 0.00E+00 2.16E-05 5.69E-07 1.36E-07 0.00E+00 2.11E-08
 1.50       0.0010 000 4.47E-06 2.37E-13 7.34E-05 1.89E-06 4.30E-07 0.00E+00 5.18E-09
 1.50       0.0020 000 9.03E-06 1.95E-13 1.48E-04 3.74E-06 7.93E-07 0.00E+00 6.31E-08
 1.50       0.0030 000 1.36E-05 3.10E-13 2.23E-04 5.46E-06 1.03E-06 0.00E+00 3.04E-08
 1.50       0.0060 000 2.78E-05 5.28E-13 4.54E-04 1.10E-05 1.89E-06 0.00E+00 1.47E-08
 1.50       0.0080 000 3.70E-05 1.57E-13 6.03E-04 1.45E-05 2.27E-06 0.00E+00 8.21E-09
 1.50       0.0100 000 4.75E-05 0.00E+00 7.76E-04 1.86E-05 3.08E-06 0.00E+00 3.22E-08
 1.50       0.0140 000 6.49E-05 2.59E-13 1.06E-03 2.53E-05 3.85E-06 0.00E+00 8.31E-09
 1.50       0.0200 000 9.27E-05 1.75E-13 1.51E-03 3.61E-05 5.50E-06 0.00E+00 1.48E-08
 2.00       0.0001 000 6.82E-07 0.00E+00 1.13E-05 3.39E-07 2.08E-07 0.00E+00 2.68E-08
 2.00       0.0003 000 2.04E-06 0.00E+00 3.38E-05 9.84E-07 4.16E-07 0.00E+00 1.99E-08
 2.00       0.0010 000 6.91E-06 5.13E-13 1.14E-04 3.21E-06 1.14E-06 0.00E+00 9.72E-08
 2.00       0.0020 000 1.41E-05 4.12E-13 2.33E-04 6.46E-06 1.83E-06 0.00E+00 5.55E-08
 2.00       0.0030 000 2.15E-05 8.54E-13 3.52E-04 9.26E-06 2.15E-06 0.00E+00 6.45E-08
 2.00       0.0060 000 4.34E-05 1.54E-12 7.11E-04 1.81E-05 3.64E-06 0.00E+00 6.59E-08
 2.00       0.0080 000 5.66E-05 6.94E-13 9.27E-04 2.31E-05 4.17E-06 0.00E+00 4.22E-08
 2.00       0.0100 000 7.26E-05 1.65E-12 1.19E-03 2.96E-05 5.38E-06 0.00E+00 3.50E-08
 2.00       0.0140 000 9.99E-05 1.78E-12 1.63E-03 4.00E-05 6.69E-06 0.00E+00 2.34E-08
 2.00       0.0200 000 1.46E-04 1.40E-12 2.38E-03 5.83E-05 9.80E-06 0.00E+00 3.54E-08
 2.50       0.0001 000 9.19E-07 0.00E+00 1.51E-05 3.86E-07 1.76E-07 0.00E+00 9.75E-08
 2.50       0.0003 000 2.77E-06 0.00E+00 4.55E-05 1.19E-06 4.30E-07 0.00E+00 5.56E-08
 2.50       0.0010 000 9.36E-06 2.74E-13 1.54E-04 4.15E-06 1.60E-06 0.00E+00 1.41E-07
 2.50       0.0020 000 1.90E-05 4.27E-13 3.13E-04 8.55E-06 2.75E-06 0.00E+00 1.15E-07
 2.50       0.0030 000 2.90E-05 1.60E-12 4.77E-04 1.27E-05 3.02E-06 0.00E+00 2.57E-08
 2.50       0.0060 000 5.87E-05 6.37E-13 9.65E-04 2.54E-05 5.38E-06 0.00E+00 3.22E-07
 2.50       0.0080 000 7.82E-05 1.02E-12 1.28E-03 3.30E-05 6.52E-06 0.00E+00 2.01E-07
 2.50       0.0100 000 9.85E-05 5.36E-13 1.62E-03 4.11E-05 7.94E-06 0.00E+00 1.14E-07
 2.50       0.0140 000 1.36E-04 7.12E-13 2.23E-03 5.54E-05 1.01E-05 0.00E+00 1.69E-07
 2.50       0.0200 000 1.98E-04 6.46E-13 3.24E-03 8.07E-05 1.50E-05 0.00E+00 1.29E-07
 3.00       0.0001 000 1.17E-06 0.00E+00 1.91E-05 4.62E-07 1.26E-07 0.00E+00 9.21E-08
 3.00       0.0003 000 3.45E-06 0.00E+00 5.64E-05 1.38E-06 3.57E-07 0.00E+00 7.92E-08
 3.00       0.0010 000 1.16E-05 0.00E+00 1.90E-04 4.70E-06 1.25E-06 0.00E+00 2.17E-07
 3.00       0.0020 000 2.36E-05 3.23E-13 3.86E-04 9.65E-06 2.43E-06 0.00E+00 1.94E-07
 3.00       0.0030 000 3.58E-05 7.19E-13 5.86E-04 1.45E-05 2.94E-06 0.00E+00 6.22E-08
 3.00       0.0060 000 7.34E-05 3.37E-12 1.20E-03 3.00E-05 5.32E-06 0.00E+00 2.15E-08
 3.00       0.0080 000 9.84E-05 2.10E-12 1.61E-03 4.06E-05 6.96E-06 0.00E+00 1.56E-08
 3.00       0.0100 000 1.24E-04 2.05E-12 2.04E-03 5.09E-05 8.80E-06 0.00E+00 4.02E-08
 3.00       0.0140 000 1.71E-04 4.45E-12 2.79E-03 6.99E-05 1.18E-05 0.00E+00 2.52E-08
 3.00       0.0200 000 2.44E-04 3.20E-12 3.99E-03 9.98E-05 1.72E-05 0.00E+00 5.36E-08
 4.00       0.0001 000 1.68E-06 0.00E+00 2.74E-05 6.53E-07 1.32E-07 0.00E+00 1.01E-07
 4.00       0.0003 000 4.95E-06 0.00E+00 8.08E-05 1.94E-06 4.24E-07 0.00E+00 1.45E-07
 4.00       0.0010 000 1.66E-05 0.00E+00 2.71E-04 6.50E-06 1.31E-06 0.00E+00 1.95E-07
 4.00       0.0020 000 3.31E-05 2.57E-13 5.41E-04 1.31E-05 2.68E-06 0.00E+00 2.76E-07
 4.00       0.0030 000 5.02E-05 6.99E-13 8.18E-04 1.97E-05 3.46E-06 0.00E+00 9.85E-08
 4.00       0.0060 000 1.01E-04 2.96E-12 1.65E-03 3.96E-05 6.14E-06 0.00E+00 2.72E-08
 4.00       0.0080 000 1.35E-04 4.32E-12 2.21E-03 5.24E-05 7.56E-06 0.00E+00 7.88E-09
 4.00       0.0100 000 1.70E-04 3.19E-12 2.77E-03 6.57E-05 9.34E-06 0.00E+00 4.36E-09
 4.00       0.0140 000 2.36E-04 3.01E-12 3.84E-03 9.08E-05 1.27E-05 0.00E+00 1.89E-09
 4.00       0.0200 000 3.47E-04 4.23E-12 5.65E-03 1.34E-04 1.90E-05 0.00E+00 2.51E-09
 5.00       0.0001 000 2.19E-06 0.00E+00 3.57E-05 8.52E-07 1.44E-07 0.00E+00 7.73E-08
 5.00       0.0003 000 6.43E-06 0.00E+00 1.05E-04 2.51E-06 4.68E-07 0.00E+00 1.66E-07
 5.00       0.0010 000 2.16E-05 0.00E+00 3.52E-04 8.43E-06 1.54E-06 0.00E+00 2.92E-07
 5.00       0.0020 000 4.32E-05 1.77E-13 7.04E-04 1.69E-05 3.18E-06 0.00E+00 4.35E-07
 5.00       0.0030 000 6.51E-05 4.75E-13 1.06E-03 2.55E-05 4.39E-06 0.00E+00 2.26E-07
 5.00       0.0060 000 1.31E-04 1.70E-12 2.14E-03 5.10E-05 7.72E-06 0.00E+00 6.37E-08
 5.00       0.0080 000 1.76E-04 2.57E-12 2.87E-03 6.82E-05 1.02E-05 0.00E+00 5.28E-08
 5.00       0.0100 000 2.20E-04 2.95E-12 3.59E-03 8.50E-05 1.21E-05 0.00E+00 1.60E-08
 5.00       0.0140 000 3.05E-04 3.20E-12 4.96E-03 1.17E-04 1.64E-05 0.00E+00 7.15E-09
 5.00       0.0200 000 4.44E-04 2.57E-12 7.23E-03 1.70E-04 2.34E-05 0.00E+00 1.30E-09
 6.00       0.0001 000 3.04E-06 0.00E+00 4.96E-05 1.19E-06 1.80E-07 0.00E+00 2.93E-08
 6.00       0.0003 000 7.88E-06 0.00E+00 1.29E-04 3.07E-06 4.92E-07 0.00E+00 9.99E-08
 6.00       0.0010 000 2.64E-05 0.00E+00 4.30E-04 1.03E-05 1.72E-06 0.00E+00 3.06E-07
 6.00       0.0020 000 5.36E-05 1.21E-13 8.75E-04 2.09E-05 3.38E-06 0.00E+00 2.85E-07
 6.00       0.0030 000 8.33E-05 5.25E-13 1.36E-03 3.25E-05 5.06E-06 0.00E+00 1.76E-07
 6.00       0.0060 000 1.61E-04 9.83E-13 2.62E-03 6.25E-05 9.50E-06 0.00E+00 1.61E-07
 6.00       0.0080 000 2.14E-04 1.75E-12 3.49E-03 8.31E-05 1.25E-05 0.00E+00 1.34E-07
 6.00       0.0100 000 2.70E-04 2.83E-12 4.40E-03 1.05E-04 1.54E-05 0.00E+00 9.13E-08
 6.00       0.0140 000 3.73E-04 2.75E-12 6.08E-03 1.44E-04 2.04E-05 0.00E+00 3.63E-08
 6.00       0.0200 000 5.44E-04 2.68E-12 8.86E-03 2.09E-04 2.88E-05 0.00E+00 5.53E-09