 Mass  Metallicity IRV            H 
 1.30       0.0001 000 4.34E-01
 1.30       0.0003 000 4.65E-01
 1.30       0.0010 000 4.67E-01
 1.30       0.0020 000 4.74E-01
 1.30       0.0030 000 4.67E-01
 1.30       0.0060 000 4.77E-01
 1.30       0.0080 000 4.70E-01
 1.30       0.0100 000 4.73E-01
 1.30       0.0140 000 4.89E-01
 1.30       0.0200 000 4.72E-01
 1.50       0.0001 000 5.67E-01
 1.50       0.0003 000 5.90E-01
 1.50       0.0010 000 6.02E-01
 1.50       0.0020 000 6.02E-01
 1.50       0.0030 000 6.02E-01
 1.50       0.0060 000 6.10E-01
 1.50       0.0080 000 6.05E-01
 1.50       0.0100 000 6.22E-01
 1.50       0.0140 000 6.09E-01
 1.50       0.0200 000 5.94E-01
 2.00       0.0001 000 9.02E-01
 2.00       0.0003 000 9.22E-01
 2.00       0.0010 000 9.34E-01
 2.00       0.0020 000 9.41E-01
 2.00       0.0030 000 9.45E-01
 2.00       0.0060 000 9.53E-01
 2.00       0.0080 000 9.26E-01
 2.00       0.0100 000 9.47E-01
 2.00       0.0140 000 9.38E-01
 2.00       0.0200 000 9.35E-01
 2.50       0.0001 000 1.24E+00
 2.50       0.0003 000 1.28E+00
 2.50       0.0010 000 1.29E+00
 2.50       0.0020 000 1.28E+00
 2.50       0.0030 000 1.29E+00
 2.50       0.0060 000 1.28E+00
 2.50       0.0080 000 1.27E+00
 2.50       0.0100 000 1.27E+00
 2.50       0.0140 000 1.26E+00
 2.50       0.0200 000 1.25E+00
 3.00       0.0001 000 1.56E+00
 3.00       0.0003 000 1.60E+00
 3.00       0.0010 000 1.62E+00
 3.00       0.0020 000 1.62E+00
 3.00       0.0030 000 1.62E+00
 3.00       0.0060 000 1.63E+00
 3.00       0.0080 000 1.62E+00
 3.00       0.0100 000 1.62E+00
 3.00       0.0140 000 1.59E+00
 3.00       0.0200 000 1.55E+00
 4.00       0.0001 000 2.13E+00
 4.00       0.0003 000 2.16E+00
 4.00       0.0010 000 2.18E+00
 4.00       0.0020 000 2.18E+00
 4.00       0.0030 000 2.19E+00
 4.00       0.0060 000 2.24E+00
 4.00       0.0080 000 2.22E+00
 4.00       0.0100 000 2.23E+00
 4.00       0.0140 000 2.23E+00
 4.00       0.0200 000 2.25E+00
 5.00       0.0001 000 2.68E+00
 5.00       0.0003 000 2.70E+00
 5.00       0.0010 000 2.73E+00
 5.00       0.0020 000 2.72E+00
 5.00       0.0030 000 2.71E+00
 5.00       0.0060 000 2.78E+00
 5.00       0.0080 000 2.79E+00
 5.00       0.0100 000 2.79E+00
 5.00       0.0140 000 2.76E+00
 5.00       0.0200 000 2.76E+00
 6.00       0.0001 000 3.65E+00
 6.00       0.0003 000 3.24E+00
 6.00       0.0010 000 3.26E+00
 6.00       0.0020 000 3.29E+00
 6.00       0.0030 000 3.38E+00
 6.00       0.0060 000 3.29E+00
 6.00       0.0080 000 3.28E+00
 6.00       0.0100 000 3.33E+00
 6.00       0.0140 000 3.27E+00
 6.00       0.0200 000 3.27E+00