 Mass  Metallicity IRV          He4 
 1.30       0.0001 000 1.72E-01
 1.30       0.0003 000 1.81E-01
 1.30       0.0010 000 1.81E-01
 1.30       0.0020 000 1.88E-01
 1.30       0.0030 000 1.89E-01
 1.30       0.0060 000 1.93E-01
 1.30       0.0080 000 1.93E-01
 1.30       0.0100 000 1.95E-01
 1.30       0.0140 000 2.05E-01
 1.30       0.0200 000 2.01E-01
 1.50       0.0001 000 2.35E-01
 1.50       0.0003 000 2.39E-01
 1.50       0.0010 000 2.38E-01
 1.50       0.0020 000 2.44E-01
 1.50       0.0030 000 2.47E-01
 1.50       0.0060 000 2.49E-01
 1.50       0.0080 000 2.51E-01
 1.50       0.0100 000 2.58E-01
 1.50       0.0140 000 2.57E-01
 1.50       0.0200 000 2.54E-01
 2.00       0.0001 000 3.90E-01
 2.00       0.0003 000 3.81E-01
 2.00       0.0010 000 3.79E-01
 2.00       0.0020 000 3.93E-01
 2.00       0.0030 000 3.97E-01
 2.00       0.0060 000 3.95E-01
 2.00       0.0080 000 3.88E-01
 2.00       0.0100 000 3.97E-01
 2.00       0.0140 000 3.96E-01
 2.00       0.0200 000 3.99E-01
 2.50       0.0001 000 4.76E-01
 2.50       0.0003 000 4.69E-01
 2.50       0.0010 000 4.86E-01
 2.50       0.0020 000 5.12E-01
 2.50       0.0030 000 5.32E-01
 2.50       0.0060 000 5.51E-01
 2.50       0.0080 000 5.54E-01
 2.50       0.0100 000 5.56E-01
 2.50       0.0140 000 5.55E-01
 2.50       0.0200 000 5.60E-01
 3.00       0.0001 000 5.96E-01
 3.00       0.0003 000 5.70E-01
 3.00       0.0010 000 5.73E-01
 3.00       0.0020 000 5.90E-01
 3.00       0.0030 000 6.14E-01
 3.00       0.0060 000 6.46E-01
 3.00       0.0080 000 6.71E-01
 3.00       0.0100 000 6.83E-01
 3.00       0.0140 000 6.92E-01
 3.00       0.0200 000 6.88E-01
 4.00       0.0001 000 9.62E-01
 4.00       0.0003 000 9.41E-01
 4.00       0.0010 000 9.24E-01
 4.00       0.0020 000 9.22E-01
 4.00       0.0030 000 9.34E-01
 4.00       0.0060 000 9.02E-01
 4.00       0.0080 000 9.12E-01
 4.00       0.0100 000 9.10E-01
 4.00       0.0140 000 9.17E-01
 4.00       0.0200 000 9.21E-01
 5.00       0.0001 000 1.34E+00
 5.00       0.0003 000 1.33E+00
 5.00       0.0010 000 1.31E+00
 5.00       0.0020 000 1.32E+00
 5.00       0.0030 000 1.34E+00
 5.00       0.0060 000 1.29E+00
 5.00       0.0080 000 1.29E+00
 5.00       0.0100 000 1.28E+00
 5.00       0.0140 000 1.31E+00
 5.00       0.0200 000 1.30E+00
 6.00       0.0001 000 1.91E+00
 6.00       0.0003 000 1.69E+00
 6.00       0.0010 000 1.68E+00
 6.00       0.0020 000 1.72E+00
 6.00       0.0030 000 1.81E+00
 6.00       0.0060 000 1.69E+00
 6.00       0.0080 000 1.68E+00
 6.00       0.0100 000 1.67E+00
 6.00       0.0140 000 1.71E+00
 6.00       0.0200 000 1.71E+00