 Mass  Metallicity IRV         Mg24          Mg25          Mg26 
 1.30       0.0001 000 8.99E-06 7.44E-07 9.30E-07
 1.30       0.0003 000 2.49E-05 1.30E-06 1.47E-06
 1.30       0.0010 000 2.59E-05 3.45E-06 3.95E-06
 1.30       0.0020 000 5.26E-05 6.89E-06 7.91E-06
 1.30       0.0030 000 7.72E-05 1.01E-05 1.16E-05
 1.30       0.0060 000 1.57E-04 2.06E-05 2.37E-05
 1.30       0.0080 000 2.08E-04 2.73E-05 3.13E-05
 1.30       0.0100 000 2.62E-04 3.44E-05 3.95E-05
 1.30       0.0140 000 3.77E-04 4.97E-05 5.68E-05
 1.30       0.0200 000 5.32E-04 7.02E-05 8.03E-05
 1.50       0.0001 000 1.53E-05 2.44E-06 2.57E-06
 1.50       0.0003 000 3.47E-05 2.83E-06 2.85E-06
 1.50       0.0010 000 3.53E-05 5.20E-06 5.95E-06
 1.50       0.0020 000 6.89E-05 9.43E-06 1.06E-05
 1.50       0.0030 000 1.01E-04 1.34E-05 1.54E-05
 1.50       0.0060 000 2.04E-04 2.67E-05 3.09E-05
 1.50       0.0080 000 2.70E-04 3.52E-05 4.06E-05
 1.50       0.0100 000 3.46E-04 4.53E-05 5.23E-05
 1.50       0.0140 000 4.71E-04 6.17E-05 7.13E-05
 1.50       0.0200 000 6.73E-04 8.81E-05 1.02E-04
 2.00       0.0001 000 3.24E-05 2.12E-05 1.87E-05
 2.00       0.0003 000 6.11E-05 1.27E-05 1.17E-05
 2.00       0.0010 000 6.20E-05 1.47E-05 1.65E-05
 2.00       0.0020 000 1.18E-04 1.94E-05 1.94E-05
 2.00       0.0030 000 1.69E-04 2.42E-05 2.74E-05
 2.00       0.0060 000 3.29E-04 4.42E-05 5.10E-05
 2.00       0.0080 000 4.22E-04 5.56E-05 6.39E-05
 2.00       0.0100 000 5.39E-04 7.09E-05 8.27E-05
 2.00       0.0140 000 7.35E-04 9.63E-05 1.12E-04
 2.00       0.0200 000 1.07E-03 1.40E-04 1.64E-04
 2.50       0.0001 000 2.64E-05 3.03E-05 4.19E-05
 2.50       0.0003 000 6.69E-05 1.25E-05 1.48E-05
 2.50       0.0010 000 7.38E-05 2.29E-05 3.01E-05
 2.50       0.0020 000 1.48E-04 3.03E-05 3.09E-05
 2.50       0.0030 000 2.25E-04 3.59E-05 4.13E-05
 2.50       0.0060 000 4.58E-04 6.29E-05 7.06E-05
 2.50       0.0080 000 5.98E-04 7.98E-05 9.15E-05
 2.50       0.0100 000 7.45E-04 9.76E-05 1.14E-04
 2.50       0.0140 000 1.01E-03 1.32E-04 1.55E-04
 2.50       0.0200 000 1.47E-03 1.90E-04 2.25E-04
 3.00       0.0001 000 2.91E-05 2.33E-05 3.81E-05
 3.00       0.0003 000 8.05E-05 1.13E-05 1.58E-05
 3.00       0.0010 000 8.58E-05 2.04E-05 2.45E-05
 3.00       0.0020 000 1.72E-04 3.23E-05 3.48E-05
 3.00       0.0030 000 2.60E-04 4.04E-05 4.55E-05
 3.00       0.0060 000 5.39E-04 7.71E-05 9.09E-05
 3.00       0.0080 000 7.28E-04 1.01E-04 1.16E-04
 3.00       0.0100 000 9.22E-04 1.24E-04 1.46E-04
 3.00       0.0140 000 1.26E-03 1.69E-04 1.99E-04
 3.00       0.0200 000 1.81E-03 2.38E-04 2.82E-04
 4.00       0.0001 000 4.08E-05 3.31E-05 6.68E-05
 4.00       0.0003 000 1.14E-04 1.54E-05 2.63E-05
 4.00       0.0010 000 1.20E-04 2.13E-05 2.62E-05
 4.00       0.0020 000 2.40E-04 3.84E-05 4.58E-05
 4.00       0.0030 000 3.63E-04 5.05E-05 6.11E-05
 4.00       0.0060 000 7.32E-04 9.72E-05 1.18E-04
 4.00       0.0080 000 9.78E-04 1.27E-04 1.55E-04
 4.00       0.0100 000 1.23E-03 1.59E-04 1.93E-04
 4.00       0.0140 000 1.70E-03 2.22E-04 2.65E-04
 4.00       0.0200 000 2.51E-03 3.29E-04 3.86E-04
 5.00       0.0001 000 5.32E-05 2.93E-05 6.68E-05
 5.00       0.0003 000 1.48E-04 1.79E-05 3.61E-05
 5.00       0.0010 000 1.56E-04 2.67E-05 3.58E-05
 5.00       0.0020 000 3.12E-04 4.77E-05 6.28E-05
 5.00       0.0030 000 4.71E-04 6.28E-05 8.32E-05
 5.00       0.0060 000 9.49E-04 1.19E-04 1.57E-04
 5.00       0.0080 000 1.27E-03 1.60E-04 2.08E-04
 5.00       0.0100 000 1.59E-03 1.98E-04 2.58E-04
 5.00       0.0140 000 2.20E-03 2.73E-04 3.56E-04
 5.00       0.0200 000 3.21E-03 4.01E-04 5.10E-04
 6.00       0.0001 000 7.45E-05 7.89E-06 1.25E-05
 6.00       0.0003 000 1.82E-04 1.34E-05 2.48E-05
 6.00       0.0010 000 1.92E-04 3.05E-05 4.73E-05
 6.00       0.0020 000 3.89E-04 5.12E-05 7.25E-05
 6.00       0.0030 000 6.03E-04 7.37E-05 1.05E-04
 6.00       0.0060 000 1.16E-03 1.41E-04 1.99E-04
 6.00       0.0080 000 1.55E-03 1.88E-04 2.62E-04
 6.00       0.0100 000 1.95E-03 2.36E-04 3.27E-04
 6.00       0.0140 000 2.69E-03 3.22E-04 4.47E-04
 6.00       0.0200 000 3.93E-03 4.72E-04 6.45E-04