 Mass  Metallicity IRV        Mn55          Mn56 
 1.30     0.000100  00 6.12E-08 0.00E+00
 1.30     0.000300  00 1.91E-07 0.00E+00
 1.30     0.001000  00 6.38E-07 0.00E+00
 1.30     0.002000  00 1.31E-06 0.00E+00
 1.30     0.003000  00 1.94E-06 0.00E+00
 1.30     0.006000  00 3.96E-06 0.00E+00
 1.30     0.008000  00 5.24E-06 0.00E+00
 1.30     0.010000  00 6.61E-06 0.00E+00
 1.30     0.014000  00 9.51E-06 0.00E+00
 1.30     0.020000  00 1.34E-05 0.00E+00
 1.50     0.000100  00 7.97E-08 0.00E+00
 1.50     0.000300  00 2.47E-07 0.00E+00
 1.50     0.001000  00 8.34E-07 0.00E+00
 1.50     0.002000  00 1.68E-06 0.00E+00
 1.50     0.003000  00 2.51E-06 0.00E+00
 1.50     0.006000  00 5.11E-06 0.00E+00
 1.50     0.008000  00 6.79E-06 0.00E+00
 1.50     0.010000  00 8.72E-06 0.00E+00
 1.50     0.014000  00 1.19E-05 0.00E+00
 1.50     0.020000  00 1.70E-05 0.00E+00
 2.00     0.000100  00 1.28E-07 0.00E+00
 2.00     0.000300  00 3.86E-07 0.00E+00
 2.00     0.001000  00 1.30E-06 0.00E+00
 2.00     0.002000  00 2.69E-06 0.00E+00
 2.00     0.003000  00 4.03E-06 0.00E+00
 2.00     0.006000  00 8.11E-06 0.00E+00
 2.00     0.008000  00 1.05E-05 0.00E+00
 2.00     0.010000  00 1.35E-05 0.00E+00
 2.00     0.014000  00 1.85E-05 0.00E+00
 2.00     0.020000  00 2.70E-05 0.00E+00
 2.50     0.000100  00 1.69E-07 0.00E+00
 2.50     0.000300  00 5.12E-07 0.00E+00
 2.50     0.001000  00 1.74E-06 0.00E+00
 2.50     0.002000  00 3.56E-06 0.00E+00
 2.50     0.003000  00 5.46E-06 0.00E+00
 2.50     0.006000  00 1.11E-05 0.00E+00
 2.50     0.008000  00 1.47E-05 0.00E+00
 2.50     0.010000  00 1.85E-05 0.00E+00
 2.50     0.014000  00 2.53E-05 0.00E+00
 2.50     0.020000  00 3.69E-05 0.00E+00
 3.00     0.000100  00 2.14E-07 0.00E+00
 3.00     0.000300  00 6.33E-07 0.00E+00
 3.00     0.001000  00 2.13E-06 0.00E+00
 3.00     0.002000  00 4.34E-06 0.00E+00
 3.00     0.003000  00 6.60E-06 0.00E+00
 3.00     0.006000  00 1.36E-05 0.00E+00
 3.00     0.008000  00 1.83E-05 0.00E+00
 3.00     0.010000  00 2.31E-05 0.00E+00
 3.00     0.014000  00 3.18E-05 0.00E+00
 3.00     0.020000  00 4.55E-05 0.00E+00
 4.00     0.000100  00 3.07E-07 0.00E+00
 4.00     0.000300  00 9.06E-07 0.00E+00
 4.00     0.001000  00 3.03E-06 0.00E+00
 4.00     0.002000  00 6.07E-06 0.00E+00
 4.00     0.003000  00 9.18E-06 0.00E+00
 4.00     0.006000  00 1.86E-05 0.00E+00
 4.00     0.008000  00 2.48E-05 0.00E+00
 4.00     0.010000  00 3.11E-05 0.00E+00
 4.00     0.014000  00 4.31E-05 0.00E+00
 4.00     0.020000  00 6.34E-05 0.00E+00
 5.00     0.000100  00 4.03E-07 0.00E+00
 5.00     0.000300  00 1.18E-06 0.00E+00
 5.00     0.001000  00 3.97E-06 0.00E+00
 5.00     0.002000  00 7.93E-06 0.00E+00
 5.00     0.003000  00 1.20E-05 0.00E+00
 5.00     0.006000  00 2.41E-05 0.00E+00
 5.00     0.008000  00 3.22E-05 0.00E+00
 5.00     0.010000  00 4.02E-05 0.00E+00
 5.00     0.014000  00 5.57E-05 0.00E+00
 5.00     0.020000  00 8.11E-05 0.00E+00
 6.00     0.000100  00 5.64E-07 0.00E+00
 6.00     0.000300  00 1.46E-06 0.00E+00
 6.00     0.001000  00 4.87E-06 0.00E+00
 6.00     0.002000  00 9.90E-06 0.00E+00
 6.00     0.003000  00 1.54E-05 0.00E+00
 6.00     0.006000  00 2.96E-05 0.00E+00
 6.00     0.008000  00 3.93E-05 0.00E+00
 6.00     0.010000  00 4.95E-05 0.00E+00
 6.00     0.014000  00 6.84E-05 0.00E+00
 6.00     0.020000  00 9.96E-05 0.00E+00