 Mass  Metallicity IRV        Ni58          Ni59          Ni60          Ni61          Ni62          Ni63          Ni64          Ni65          Ni66 
 1.30     0.000020  00 4.54E-08 7.71E-13 1.85E-08 9.18E-10 2.92E-09 0.00E+00 2.18E-09 0.00E+00 0.00E+00
 1.30     0.000050  00 1.08E-07 2.32E-11 4.53E-08 2.72E-09 7.82E-09 0.00E+00 4.81E-09 0.00E+00 0.00E+00
 1.30     0.000100  00 2.27E-07 3.03E-11 9.37E-08 5.27E-09 1.59E-08 0.00E+00 1.01E-08 0.00E+00 0.00E+00
 1.30     0.000300  00 7.10E-07 1.27E-10 2.91E-07 1.58E-08 4.80E-08 0.00E+00 2.90E-08 0.00E+00 0.00E+00
 1.30     0.001000  00 2.38E-06 2.68E-10 9.65E-07 4.80E-08 1.46E-07 0.00E+00 4.26E-08 0.00E+00 0.00E+00
 1.30     0.002000  00 4.88E-06 4.75E-10 1.97E-06 9.48E-08 2.92E-07 0.00E+00 8.15E-08 0.00E+00 0.00E+00
 1.30     0.003000  00 7.27E-06 2.67E-10 2.91E-06 1.35E-07 4.25E-07 0.00E+00 1.14E-07 0.00E+00 0.00E+00
 1.30     0.006000  00 1.49E-05 2.97E-10 5.96E-06 2.71E-07 8.63E-07 0.00E+00 2.31E-07 0.00E+00 0.00E+00
 1.30     0.008000  00 1.97E-05 1.17E-10 7.86E-06 3.50E-07 1.13E-06 0.00E+00 2.97E-07 0.00E+00 0.00E+00
 1.30     0.010000  00 2.49E-05 8.64E-11 9.92E-06 4.40E-07 1.42E-06 0.00E+00 3.74E-07 0.00E+00 0.00E+00
 1.30     0.014000  00 3.58E-05 0.00E+00 1.43E-05 6.31E-07 2.04E-06 0.00E+00 5.38E-07 0.00E+00 0.00E+00
 1.30     0.020000  00 5.06E-05 3.28E-12 2.02E-05 8.92E-07 2.89E-06 0.00E+00 7.60E-07 0.00E+00 0.00E+00
 1.50     0.000020  00 6.10E-08 5.30E-12 2.50E-08 1.30E-09 3.98E-09 0.00E+00 2.59E-09 0.00E+00 0.00E+00
 1.50     0.000050  00 1.44E-07 8.50E-11 6.21E-08 4.39E-09 1.17E-08 0.00E+00 7.15E-09 0.00E+00 0.00E+00
 1.50     0.000100  00 2.90E-07 1.65E-10 1.27E-07 9.85E-09 2.65E-08 1.85E-13 1.36E-08 0.00E+00 0.00E+00
 1.50     0.000300  00 9.04E-07 3.94E-10 3.79E-07 2.28E-08 6.54E-08 1.69E-13 4.24E-08 0.00E+00 0.00E+00
 1.50     0.001000  00 3.07E-06 1.14E-09 1.26E-06 6.77E-08 1.96E-07 4.44E-13 5.73E-08 0.00E+00 0.00E+00
 1.50     0.002000  00 6.21E-06 2.34E-09 2.56E-06 1.42E-07 4.06E-07 2.53E-13 1.42E-07 0.00E+00 0.00E+00
 1.50     0.003000  00 9.37E-06 1.74E-09 3.80E-06 1.89E-07 5.79E-07 2.24E-13 1.73E-07 0.00E+00 0.00E+00
 1.50     0.006000  00 1.91E-05 3.14E-09 7.69E-06 3.66E-07 1.14E-06 2.16E-13 3.17E-07 0.00E+00 0.00E+00
 1.50     0.008000  00 2.54E-05 1.55E-09 1.02E-05 4.72E-07 1.49E-06 1.53E-13 4.08E-07 0.00E+00 0.00E+00
 1.50     0.010000  00 3.27E-05 3.40E-09 1.31E-05 6.18E-07 1.93E-06 1.18E-13 5.45E-07 0.00E+00 0.00E+00
 1.50     0.014000  00 4.46E-05 4.18E-09 1.79E-05 8.18E-07 2.60E-06 1.46E-13 7.07E-07 0.00E+00 0.00E+00
 1.50     0.020000  00 6.38E-05 2.30E-09 2.55E-05 1.17E-06 3.71E-06 1.60E-13 1.02E-06 0.00E+00 0.00E+00
 2.00     0.000020  00 9.31E-08 2.69E-11 3.93E-08 2.57E-09 7.37E-09 1.54E-13 3.08E-09 0.00E+00 0.00E+00
 2.00     0.000050  00 2.23E-07 7.97E-11 1.02E-07 9.53E-09 2.51E-08 6.51E-13 1.40E-08 0.00E+00 0.00E+00
 2.00     0.000100  00 4.68E-07 1.53E-10 2.16E-07 2.12E-08 5.51E-08 1.08E-12 2.62E-08 0.00E+00 0.00E+00
 2.00     0.000300  00 1.40E-06 8.50E-10 6.09E-07 4.53E-08 1.19E-07 1.92E-12 3.87E-08 0.00E+00 0.00E+00
 2.00     0.001000  00 4.74E-06 3.03E-09 2.05E-06 1.42E-07 3.72E-07 6.76E-12 1.69E-07 0.00E+00 0.00E+00
 2.00     0.002000  00 9.69E-06 7.32E-09 4.09E-06 2.55E-07 6.82E-07 1.22E-12 2.17E-07 0.00E+00 0.00E+00
 2.00     0.003000  00 1.47E-05 9.05E-09 6.10E-06 3.39E-07 9.64E-07 1.37E-12 3.12E-07 0.00E+00 0.00E+00
 2.00     0.006000  00 2.98E-05 1.79E-08 1.22E-05 6.34E-07 1.88E-06 1.57E-12 5.96E-07 0.00E+00 0.00E+00
 2.00     0.008000  00 3.89E-05 1.50E-08 1.58E-05 7.85E-07 2.36E-06 4.26E-13 7.26E-07 0.00E+00 0.00E+00
 2.00     0.010000  00 4.99E-05 2.36E-08 2.02E-05 1.01E-06 3.07E-06 1.20E-12 9.29E-07 0.00E+00 0.00E+00
 2.00     0.014000  00 6.87E-05 2.38E-08 2.77E-05 1.33E-06 4.12E-06 8.45E-13 1.23E-06 0.00E+00 0.00E+00
 2.00     0.020000  00 1.00E-04 3.89E-08 4.04E-05 1.95E-06 6.04E-06 7.57E-13 1.82E-06 0.00E+00 0.00E+00
 2.50     0.000100  00 6.32E-07 2.66E-11 2.82E-07 2.96E-08 7.85E-08 7.07E-12 5.88E-08 0.00E+00 0.00E+00
 2.50     0.000300  00 1.90E-06 4.88E-10 8.06E-07 5.57E-08 1.55E-07 1.39E-11 6.20E-08 0.00E+00 0.00E+00
 2.50     0.001000  00 6.42E-06 2.08E-09 2.72E-06 1.84E-07 4.77E-07 3.18E-11 1.91E-07 0.00E+00 0.00E+00
 2.50     0.002000  00 1.30E-05 7.67E-09 5.46E-06 3.37E-07 9.34E-07 1.14E-11 2.78E-07 0.00E+00 0.00E+00
 2.50     0.003000  00 1.99E-05 1.55E-08 8.20E-06 4.50E-07 1.27E-06 8.93E-12 3.70E-07 0.00E+00 0.00E+00
 2.50     0.006000  00 4.03E-05 2.64E-08 1.68E-05 9.69E-07 2.70E-06 7.69E-13 1.05E-06 0.00E+00 0.00E+00
 2.50     0.008000  00 5.38E-05 2.92E-08 2.21E-05 1.20E-06 3.44E-06 8.05E-13 1.34E-06 0.00E+00 0.00E+00
 2.50     0.010000  00 6.77E-05 3.20E-08 2.77E-05 1.46E-06 4.22E-06 3.28E-13 1.46E-06 0.00E+00 0.00E+00
 2.50     0.014000  00 9.35E-05 3.30E-08 3.81E-05 1.98E-06 5.87E-06 4.11E-13 2.20E-06 0.00E+00 0.00E+00
 2.50     0.020000  00 1.36E-04 4.69E-08 5.54E-05 2.89E-06 8.49E-06 3.72E-13 3.10E-06 0.00E+00 0.00E+00
 3.00     0.000100  00 8.02E-07 2.54E-11 3.38E-07 2.82E-08 8.44E-08 1.07E-11 6.88E-08 0.00E+00 0.00E+00
 3.00     0.000300  00 2.37E-06 2.73E-10 9.83E-07 6.24E-08 1.82E-07 6.43E-11 8.34E-08 0.00E+00 0.00E+00
 3.00     0.001000  00 7.99E-06 1.32E-09 3.30E-06 2.02E-07 5.86E-07 2.86E-11 2.35E-07 0.00E+00 0.00E+00
 3.00     0.002000  00 1.62E-05 5.02E-09 6.65E-06 3.71E-07 1.10E-06 2.84E-11 3.58E-07 0.00E+00 0.00E+00
 3.00     0.003000  00 2.46E-05 1.27E-08 9.98E-06 5.00E-07 1.52E-06 1.29E-11 4.21E-07 0.00E+00 0.00E+00
 3.00     0.006000  00 5.04E-05 3.77E-08 2.03E-05 9.91E-07 2.99E-06 1.43E-11 8.26E-07 0.00E+00 0.00E+00
 3.00     0.008000  00 6.77E-05 5.23E-08 2.73E-05 1.34E-06 4.03E-06 3.77E-12 1.15E-06 0.00E+00 0.00E+00
 3.00     0.010000  00 8.55E-05 6.03E-08 3.46E-05 1.69E-06 5.14E-06 2.24E-12 1.51E-06 0.00E+00 0.00E+00
 3.00     0.014000  00 1.17E-04 7.49E-08 4.74E-05 2.33E-06 7.06E-06 5.85E-12 2.13E-06 0.00E+00 0.00E+00
 3.00     0.020000  00 1.68E-04 9.58E-08 6.78E-05 3.37E-06 1.02E-05 2.67E-12 3.24E-06 0.00E+00 0.00E+00
 4.00     0.000100  00 1.15E-06 2.07E-11 4.75E-07 3.33E-08 1.07E-07 1.34E-11 9.96E-08 0.00E+00 0.00E+00
 4.00     0.000300  00 3.41E-06 1.95E-10 1.40E-06 8.77E-08 2.65E-07 1.85E-10 1.39E-07 0.00E+00 0.00E+00
 4.00     0.001000  00 1.14E-05 1.11E-09 4.64E-06 2.53E-07 7.72E-07 5.53E-11 2.96E-07 0.00E+00 0.00E+00
 4.00     0.002000  00 2.28E-05 3.85E-09 9.25E-06 4.91E-07 1.50E-06 9.52E-11 5.08E-07 0.00E+00 0.00E+00
 4.00     0.003000  00 3.45E-05 7.91E-09 1.39E-05 6.71E-07 2.10E-06 6.10E-11 6.06E-07 0.00E+00 0.00E+00
 4.00     0.006000  00 6.97E-05 2.79E-08 2.79E-05 1.29E-06 4.07E-06 3.23E-11 1.13E-06 0.00E+00 0.00E+00
 4.00     0.008000  00 9.31E-05 2.50E-08 3.72E-05 1.68E-06 5.38E-06 2.07E-11 1.45E-06 0.00E+00 0.00E+00
 4.00     0.010000  00 1.17E-04 3.02E-08 4.67E-05 2.10E-06 6.73E-06 1.49E-11 1.82E-06 0.00E+00 0.00E+00
 4.00     0.014000  00 1.62E-04 3.43E-08 6.47E-05 2.90E-06 9.31E-06 9.96E-12 2.53E-06 0.00E+00 0.00E+00
 4.00     0.020000  00 2.38E-04 6.09E-08 9.53E-05 4.31E-06 1.38E-05 1.07E-11 3.85E-06 0.00E+00 0.00E+00
 5.00     0.000100  00 1.50E-06 2.40E-10 6.09E-07 3.68E-08 1.20E-07 1.42E-11 1.05E-07 0.00E+00 0.00E+00
 5.00     0.000300  00 4.43E-06 1.02E-09 1.80E-06 1.06E-07 3.28E-07 1.49E-10 1.78E-07 0.00E+00 0.00E+00
 5.00     0.001000  00 1.48E-05 3.41E-09 6.01E-06 3.28E-07 9.56E-07 1.04E-10 4.03E-07 0.00E+00 0.00E+00
 5.00     0.002000  00 2.97E-05 7.43E-09 1.20E-05 6.38E-07 1.95E-06 1.95E-10 7.02E-07 0.00E+00 0.00E+00
 5.00     0.003000  00 4.48E-05 1.24E-08 1.80E-05 8.85E-07 2.75E-06 1.30E-10 8.27E-07 0.00E+00 0.00E+00
 5.00     0.006000  00 9.04E-05 1.77E-08 3.62E-05 1.66E-06 5.27E-06 8.72E-11 1.42E-06 0.00E+00 0.00E+00
 5.00     0.008000  00 1.21E-04 2.40E-08 4.84E-05 2.20E-06 7.03E-06 6.76E-11 1.88E-06 0.00E+00 0.00E+00
 5.00     0.010000  00 1.51E-04 2.85E-08 6.04E-05 2.71E-06 8.71E-06 2.88E-11 2.31E-06 0.00E+00 0.00E+00
 5.00     0.014000  00 2.09E-04 3.16E-08 8.36E-05 3.73E-06 1.20E-05 1.85E-11 3.18E-06 0.00E+00 0.00E+00
 5.00     0.020000  00 3.05E-04 3.22E-08 1.22E-04 5.41E-06 1.75E-05 7.18E-12 4.62E-06 0.00E+00 0.00E+00
 6.00     0.000100  00 2.09E-06 1.52E-09 8.38E-07 4.25E-08 1.33E-07 1.68E-11 5.62E-08 0.00E+00 0.00E+00
 6.00     0.000300  00 5.43E-06 3.19E-09 2.18E-06 1.14E-07 3.56E-07 1.13E-10 1.51E-07 0.00E+00 0.00E+00
 6.00     0.001000  00 1.81E-05 9.59E-09 7.31E-06 3.84E-07 1.19E-06 1.72E-10 4.63E-07 0.00E+00 0.00E+00
 6.00     0.002000  00 3.69E-05 2.12E-08 1.48E-05 7.37E-07 2.28E-06 1.85E-10 7.39E-07 0.00E+00 0.00E+00
 6.00     0.003000  00 5.73E-05 3.36E-08 2.30E-05 1.10E-06 3.42E-06 1.70E-10 9.87E-07 0.00E+00 0.00E+00
 6.00     0.006000  00 1.11E-04 4.57E-08 4.43E-05 2.06E-06 6.49E-06 1.54E-10 1.78E-06 0.00E+00 0.00E+00
 6.00     0.008000  00 1.47E-04 5.17E-08 5.89E-05 2.72E-06 8.59E-06 1.44E-10 2.32E-06 0.00E+00 0.00E+00
 6.00     0.010000  00 1.86E-04 5.40E-08 7.42E-05 3.39E-06 1.08E-05 3.33E-10 2.87E-06 0.00E+00 0.00E+00
 6.00     0.014000  00 2.56E-04 7.88E-08 1.02E-04 4.63E-06 1.47E-05 5.63E-11 3.89E-06 0.00E+00 0.00E+00
 6.00     0.020000  00 3.74E-04 7.08E-08 1.49E-04 6.66E-06 2.14E-05 1.50E-11 5.64E-06 0.00E+00 0.00E+00