 Mass  Metallicity IRV          O16           O17           O18 
 1.30       0.0001 000 1.98E-04 3.27E-07 9.46E-08
 1.30       0.0003 000 3.55E-04 7.81E-07 1.41E-07
 1.30       0.0010 000 3.50E-04 8.18E-07 4.70E-07
 1.30       0.0020 000 6.44E-04 1.25E-06 1.00E-06
 1.30       0.0030 000 8.98E-04 1.74E-06 1.49E-06
 1.30       0.0060 000 1.79E-03 2.10E-06 3.16E-06
 1.30       0.0080 000 2.35E-03 2.15E-06 4.25E-06
 1.30       0.0100 000 2.97E-03 2.31E-06 5.44E-06
 1.30       0.0140 000 4.27E-03 2.88E-06 7.96E-06
 1.30       0.0200 000 6.04E-03 3.66E-06 1.14E-05
 1.50       0.0001 000 3.37E-04 9.31E-07 8.47E-08
 1.50       0.0003 000 5.26E-04 1.88E-06 1.73E-07
 1.50       0.0010 000 5.12E-04 1.94E-06 5.75E-07
 1.50       0.0020 000 8.86E-04 2.65E-06 1.18E-06
 1.50       0.0030 000 1.21E-03 3.60E-06 1.83E-06
 1.50       0.0060 000 2.36E-03 4.85E-06 3.85E-06
 1.50       0.0080 000 3.08E-03 5.08E-06 5.17E-06
 1.50       0.0100 000 3.95E-03 5.61E-06 6.76E-06
 1.50       0.0140 000 5.35E-03 6.43E-06 9.38E-06
 1.50       0.0200 000 7.61E-03 7.72E-06 1.36E-05
 2.00       0.0001 000 5.53E-04 2.97E-06 7.88E-08
 2.00       0.0003 000 8.40E-04 7.67E-06 2.40E-07
 2.00       0.0010 000 8.60E-04 7.69E-06 7.94E-07
 2.00       0.0020 000 1.47E-03 1.31E-05 1.64E-06
 2.00       0.0030 000 2.01E-03 1.79E-05 2.58E-06
 2.00       0.0060 000 3.75E-03 2.51E-05 5.41E-06
 2.00       0.0080 000 4.78E-03 2.90E-05 7.11E-06
 2.00       0.0100 000 6.08E-03 3.14E-05 9.32E-06
 2.00       0.0140 000 8.25E-03 3.46E-05 1.31E-05
 2.00       0.0200 000 1.19E-02 4.01E-05 1.95E-05
 2.50       0.0001 000 5.96E-04 1.34E-06 1.09E-07
 2.50       0.0003 000 9.51E-04 4.66E-06 3.16E-07
 2.50       0.0010 000 1.02E-03 1.12E-05 1.03E-06
 2.50       0.0020 000 1.78E-03 1.69E-05 2.03E-06
 2.50       0.0030 000 2.55E-03 1.98E-05 3.33E-06
 2.50       0.0060 000 4.94E-03 2.84E-05 6.95E-06
 2.50       0.0080 000 6.44E-03 3.43E-05 9.41E-06
 2.50       0.0100 000 8.03E-03 4.00E-05 1.21E-05
 2.50       0.0140 000 1.09E-02 5.29E-05 1.71E-05
 2.50       0.0200 000 1.58E-02 7.66E-05 2.56E-05
 3.00       0.0001 000 6.07E-04 3.06E-06 1.28E-07
 3.00       0.0003 000 1.07E-03 5.75E-06 3.99E-07
 3.00       0.0010 000 1.12E-03 5.75E-06 1.38E-06
 3.00       0.0020 000 2.08E-03 1.66E-05 2.60E-06
 3.00       0.0030 000 2.97E-03 2.24E-05 4.13E-06
 3.00       0.0060 000 5.81E-03 2.95E-05 8.74E-06
 3.00       0.0080 000 7.75E-03 3.71E-05 1.18E-05
 3.00       0.0100 000 9.77E-03 4.29E-05 1.52E-05
 3.00       0.0140 000 1.33E-02 5.51E-05 2.12E-05
 3.00       0.0200 000 1.90E-02 7.71E-05 3.09E-05
 4.00       0.0001 000 7.88E-04 6.05E-06 1.56E-07
 4.00       0.0003 000 1.38E-03 1.18E-05 5.09E-07
 4.00       0.0010 000 1.39E-03 1.12E-05 1.70E-06
 4.00       0.0020 000 2.67E-03 1.64E-05 3.61E-06
 4.00       0.0030 000 3.96E-03 2.05E-05 5.71E-06
 4.00       0.0060 000 7.90E-03 3.14E-05 1.18E-05
 4.00       0.0080 000 1.04E-02 3.88E-05 1.59E-05
 4.00       0.0100 000 1.30E-02 4.73E-05 2.01E-05
 4.00       0.0140 000 1.81E-02 6.03E-05 2.86E-05
 4.00       0.0200 000 2.68E-02 8.65E-05 4.30E-05
 5.00       0.0001 000 9.35E-04 6.99E-06 1.75E-07
 5.00       0.0003 000 1.69E-03 1.52E-05 6.17E-07
 5.00       0.0010 000 1.71E-03 1.53E-05 2.06E-06
 5.00       0.0020 000 3.27E-03 2.23E-05 4.39E-06
 5.00       0.0030 000 4.83E-03 2.59E-05 6.86E-06
 5.00       0.0060 000 9.70E-03 3.65E-05 1.47E-05
 5.00       0.0080 000 1.31E-02 4.31E-05 2.01E-05
 5.00       0.0100 000 1.63E-02 5.07E-05 2.53E-05
 5.00       0.0140 000 2.24E-02 6.76E-05 3.47E-05
 5.00       0.0200 000 3.27E-02 9.48E-05 5.18E-05
 6.00       0.0001 000 7.94E-04 6.86E-06 3.15E-07
 6.00       0.0003 000 1.87E-03 1.46E-05 6.62E-07
 6.00       0.0010 000 1.99E-03 1.55E-05 1.97E-06
 6.00       0.0020 000 3.85E-03 2.51E-05 5.33E-06
 6.00       0.0030 000 5.91E-03 3.10E-05 8.62E-06
 6.00       0.0060 000 1.14E-02 4.13E-05 1.72E-05
 6.00       0.0080 000 1.53E-02 4.80E-05 2.35E-05
 6.00       0.0100 000 1.93E-02 5.54E-05 3.02E-05
 6.00       0.0140 000 2.65E-02 6.93E-05 4.15E-05
 6.00       0.0200 000 3.86E-02 9.64E-05 6.13E-05