 Mass  Metallicity IRV         Si28          Si29          Si30          Si31          Si32 
 1.30       0.0001 000 1.00E-05 1.76E-07 1.33E-07 0.00E+00 0.00E+00
 1.30       0.0003 000 3.10E-05 5.32E-07 3.92E-07 0.00E+00 0.00E+00
 1.30       0.0010 000 3.28E-05 1.73E-06 1.19E-06 0.00E+00 0.00E+00
 1.30       0.0020 000 6.71E-05 3.53E-06 2.43E-06 0.00E+00 0.00E+00
 1.30       0.0030 000 9.97E-05 5.25E-06 3.59E-06 0.00E+00 0.00E+00
 1.30       0.0060 000 2.04E-04 1.07E-05 7.34E-06 0.00E+00 0.00E+00
 1.30       0.0080 000 2.70E-04 1.42E-05 9.68E-06 0.00E+00 0.00E+00
 1.30       0.0100 000 3.40E-04 1.79E-05 1.22E-05 0.00E+00 0.00E+00
 1.30       0.0140 000 4.90E-04 2.58E-05 1.76E-05 0.00E+00 0.00E+00
 1.30       0.0200 000 6.92E-04 3.64E-05 2.48E-05 0.00E+00 0.00E+00
 1.50       0.0001 000 1.34E-05 2.47E-07 1.99E-07 0.00E+00 0.00E+00
 1.50       0.0003 000 4.00E-05 7.07E-07 5.43E-07 0.00E+00 0.00E+00
 1.50       0.0010 000 4.26E-05 2.25E-06 1.58E-06 0.00E+00 0.00E+00
 1.50       0.0020 000 8.60E-05 4.54E-06 3.17E-06 0.00E+00 0.00E+00
 1.50       0.0030 000 1.29E-04 6.80E-06 4.72E-06 0.00E+00 0.00E+00
 1.50       0.0060 000 2.62E-04 1.38E-05 9.52E-06 0.00E+00 0.00E+00
 1.50       0.0080 000 3.49E-04 1.83E-05 1.26E-05 0.00E+00 0.00E+00
 1.50       0.0100 000 4.49E-04 2.36E-05 1.62E-05 0.00E+00 0.00E+00
 1.50       0.0140 000 6.11E-04 3.22E-05 2.20E-05 0.00E+00 0.00E+00
 1.50       0.0200 000 8.74E-04 4.60E-05 3.15E-05 0.00E+00 0.00E+00
 2.00       0.0001 000 2.21E-05 4.87E-07 4.46E-07 0.00E+00 0.00E+00
 2.00       0.0003 000 6.32E-05 1.19E-06 9.69E-07 0.00E+00 0.00E+00
 2.00       0.0010 000 6.70E-05 3.59E-06 2.66E-06 0.00E+00 0.00E+00
 2.00       0.0020 000 1.36E-04 7.24E-06 5.15E-06 0.00E+00 0.00E+00
 2.00       0.0030 000 2.05E-04 1.09E-05 7.64E-06 0.00E+00 0.00E+00
 2.00       0.0060 000 4.13E-04 2.18E-05 1.52E-05 0.00E+00 0.00E+00
 2.00       0.0080 000 5.37E-04 2.83E-05 1.95E-05 0.00E+00 0.00E+00
 2.00       0.0100 000 6.88E-04 3.63E-05 2.51E-05 0.00E+00 0.00E+00
 2.00       0.0140 000 9.45E-04 4.98E-05 3.43E-05 0.00E+00 0.00E+00
 2.00       0.0200 000 1.38E-03 7.26E-05 5.00E-05 0.00E+00 0.00E+00
 2.50       0.0001 000 3.21E-05 1.02E-06 1.06E-06 0.00E+00 4.02E-12
 2.50       0.0003 000 8.60E-05 1.66E-06 1.33E-06 0.00E+00 7.50E-13
 2.50       0.0010 000 9.14E-05 4.92E-06 3.64E-06 0.00E+00 4.59E-13
 2.50       0.0020 000 1.83E-04 9.79E-06 7.01E-06 0.00E+00 0.00E+00
 2.50       0.0030 000 2.78E-04 1.47E-05 1.04E-05 0.00E+00 0.00E+00
 2.50       0.0060 000 5.61E-04 2.97E-05 2.08E-05 0.00E+00 0.00E+00
 2.50       0.0080 000 7.46E-04 3.94E-05 2.74E-05 0.00E+00 0.00E+00
 2.50       0.0100 000 9.38E-04 4.95E-05 3.43E-05 0.00E+00 0.00E+00
 2.50       0.0140 000 1.29E-03 6.80E-05 4.70E-05 0.00E+00 0.00E+00
 2.50       0.0200 000 1.88E-03 9.89E-05 6.83E-05 0.00E+00 0.00E+00
 3.00       0.0001 000 3.88E-05 1.20E-06 1.41E-06 0.00E+00 1.24E-11
 3.00       0.0003 000 1.07E-04 2.16E-06 1.73E-06 0.00E+00 1.29E-11
 3.00       0.0010 000 1.14E-04 6.19E-06 4.44E-06 0.00E+00 9.71E-13
 3.00       0.0020 000 2.27E-04 1.21E-05 8.52E-06 0.00E+00 4.32E-13
 3.00       0.0030 000 3.41E-04 1.80E-05 1.25E-05 0.00E+00 0.00E+00
 3.00       0.0060 000 6.95E-04 3.67E-05 2.53E-05 0.00E+00 0.00E+00
 3.00       0.0080 000 9.33E-04 4.93E-05 3.39E-05 0.00E+00 0.00E+00
 3.00       0.0100 000 1.18E-03 6.22E-05 4.29E-05 0.00E+00 0.00E+00
 3.00       0.0140 000 1.62E-03 8.53E-05 5.89E-05 0.00E+00 0.00E+00
 3.00       0.0200 000 2.31E-03 1.22E-04 8.41E-05 0.00E+00 0.00E+00
 4.00       0.0001 000 5.41E-05 1.57E-06 2.15E-06 0.00E+00 3.87E-11
 4.00       0.0003 000 1.52E-04 3.12E-06 2.68E-06 0.00E+00 4.92E-11
 4.00       0.0010 000 1.60E-04 8.64E-06 6.12E-06 0.00E+00 2.00E-12
 4.00       0.0020 000 3.18E-04 1.70E-05 1.19E-05 0.00E+00 1.59E-12
 4.00       0.0030 000 4.77E-04 2.52E-05 1.73E-05 0.00E+00 3.77E-13
 4.00       0.0060 000 9.57E-04 5.04E-05 3.45E-05 0.00E+00 1.24E-13
 4.00       0.0080 000 1.28E-03 6.71E-05 4.58E-05 0.00E+00 0.00E+00
 4.00       0.0100 000 1.60E-03 8.41E-05 5.75E-05 0.00E+00 0.00E+00
 4.00       0.0140 000 2.22E-03 1.17E-04 7.96E-05 0.00E+00 0.00E+00
 4.00       0.0200 000 3.26E-03 1.72E-04 1.17E-04 0.00E+00 0.00E+00
 5.00       0.0001 000 6.84E-05 1.68E-06 2.18E-06 0.00E+00 6.06E-11
 5.00       0.0003 000 1.96E-04 3.88E-06 3.42E-06 0.00E+00 4.83E-11
 5.00       0.0010 000 2.07E-04 1.12E-05 8.00E-06 0.00E+00 5.10E-12
 5.00       0.0020 000 4.13E-04 2.22E-05 1.56E-05 0.00E+00 5.24E-12
 5.00       0.0030 000 6.20E-04 3.29E-05 2.27E-05 0.00E+00 1.12E-12
 5.00       0.0060 000 1.24E-03 6.53E-05 4.47E-05 0.00E+00 2.88E-13
 5.00       0.0080 000 1.66E-03 8.74E-05 5.97E-05 0.00E+00 1.72E-13
 5.00       0.0100 000 2.07E-03 1.09E-04 7.44E-05 0.00E+00 0.00E+00
 5.00       0.0140 000 2.87E-03 1.51E-04 1.03E-04 0.00E+00 0.00E+00
 5.00       0.0200 000 4.17E-03 2.20E-04 1.50E-04 0.00E+00 0.00E+00
 6.00       0.0001 000 9.16E-05 1.66E-06 1.34E-06 0.00E+00 9.30E-12
 6.00       0.0003 000 2.38E-04 4.33E-06 3.43E-06 0.00E+00 2.91E-11
 6.00       0.0010 000 2.52E-04 1.35E-05 9.65E-06 0.00E+00 8.42E-12
 6.00       0.0020 000 5.10E-04 2.71E-05 1.88E-05 0.00E+00 3.69E-12
 6.00       0.0030 000 7.90E-04 4.17E-05 2.87E-05 0.00E+00 1.15E-12
 6.00       0.0060 000 1.52E-03 8.01E-05 5.48E-05 0.00E+00 5.18E-13
 6.00       0.0080 000 2.02E-03 1.06E-04 7.28E-05 0.00E+00 3.45E-13
 6.00       0.0100 000 2.54E-03 1.34E-04 9.16E-05 0.00E+00 5.55E-13
 6.00       0.0140 000 3.51E-03 1.85E-04 1.26E-04 0.00E+00 0.00E+00
 6.00       0.0200 000 5.11E-03 2.69E-04 1.84E-04 0.00E+00 0.00E+00