 Mass  Metallicity IRV         Ti46          Ti47          Ti48          Ti49          Ti50 
 1.30       0.0001 000 1.21E-09 1.07E-09 1.03E-08 9.71E-10 1.46E-09
 1.30       0.0003 000 3.74E-09 3.30E-09 3.22E-08 2.88E-09 3.95E-09
 1.30       0.0010 000 1.16E-08 1.06E-08 1.07E-07 8.53E-09 9.27E-09
 1.30       0.0020 000 2.38E-08 2.17E-08 2.19E-07 1.74E-08 1.91E-08
 1.30       0.0030 000 3.53E-08 3.23E-08 3.27E-07 2.53E-08 2.62E-08
 1.30       0.0060 000 7.21E-08 6.62E-08 6.69E-07 5.11E-08 5.14E-08
 1.30       0.0080 000 9.51E-08 8.75E-08 8.86E-07 6.67E-08 6.54E-08
 1.30       0.0100 000 1.20E-07 1.10E-07 1.12E-06 8.40E-08 8.21E-08
 1.30       0.0140 000 1.73E-07 1.59E-07 1.61E-06 1.21E-07 1.18E-07
 1.30       0.0200 000 2.44E-07 2.25E-07 2.27E-06 1.70E-07 1.67E-07
 1.50       0.0001 000 1.68E-09 1.44E-09 1.36E-08 1.47E-09 2.63E-09
 1.50       0.0003 000 4.97E-09 4.31E-09 4.12E-08 4.13E-09 7.02E-09
 1.50       0.0010 000 1.52E-08 1.38E-08 1.38E-07 1.18E-08 1.37E-08
 1.50       0.0020 000 3.09E-08 2.78E-08 2.80E-07 2.33E-08 2.90E-08
 1.50       0.0030 000 4.61E-08 4.18E-08 4.22E-07 3.37E-08 3.93E-08
 1.50       0.0060 000 9.35E-08 8.50E-08 8.59E-07 6.83E-08 7.44E-08
 1.50       0.0080 000 1.24E-07 1.13E-07 1.14E-06 8.92E-08 9.26E-08
 1.50       0.0100 000 1.59E-07 1.45E-07 1.47E-06 1.14E-07 1.19E-07
 1.50       0.0140 000 2.17E-07 1.98E-07 2.00E-06 1.55E-07 1.55E-07
 1.50       0.0200 000 3.09E-07 2.83E-07 2.86E-06 2.21E-07 2.18E-07
 2.00       0.0001 000 2.57E-09 2.22E-09 2.13E-08 2.28E-09 4.25E-09
 2.00       0.0003 000 7.35E-09 6.46E-09 6.36E-08 6.44E-09 1.07E-08
 2.00       0.0010 000 2.43E-08 2.16E-08 2.14E-07 2.05E-08 2.75E-08
 2.00       0.0020 000 4.93E-08 4.38E-08 4.38E-07 4.12E-08 5.63E-08
 2.00       0.0030 000 7.44E-08 6.63E-08 6.65E-07 5.88E-08 7.88E-08
 2.00       0.0060 000 1.50E-07 1.34E-07 1.34E-06 1.15E-07 1.41E-07
 2.00       0.0080 000 1.94E-07 1.74E-07 1.75E-06 1.46E-07 1.70E-07
 2.00       0.0100 000 2.49E-07 2.23E-07 2.25E-06 1.87E-07 2.09E-07
 2.00       0.0140 000 3.40E-07 3.07E-07 3.09E-06 2.51E-07 2.66E-07
 2.00       0.0200 000 4.94E-07 4.47E-07 4.51E-06 3.64E-07 3.73E-07
 2.50       0.0001 000 3.61E-09 3.16E-09 2.89E-08 2.81E-09 5.38E-09
 2.50       0.0003 000 9.71E-09 8.69E-09 8.60E-08 7.58E-09 1.08E-08
 2.50       0.0010 000 3.21E-08 2.90E-08 2.90E-07 2.58E-08 3.29E-08
 2.50       0.0020 000 6.50E-08 5.87E-08 5.88E-07 5.35E-08 6.79E-08
 2.50       0.0030 000 9.99E-08 8.97E-08 9.00E-07 8.07E-08 1.01E-07
 2.50       0.0060 000 2.07E-07 1.83E-07 1.82E-06 1.64E-07 2.14E-07
 2.50       0.0080 000 2.75E-07 2.42E-07 2.43E-06 2.13E-07 2.66E-07
 2.50       0.0100 000 3.44E-07 3.05E-07 3.06E-06 2.65E-07 3.16E-07
 2.50       0.0140 000 4.72E-07 4.20E-07 4.21E-06 3.53E-07 3.98E-07
 2.50       0.0200 000 6.84E-07 6.09E-07 6.13E-06 5.12E-07 5.48E-07
 3.00       0.0001 000 4.49E-09 4.04E-09 3.68E-08 3.56E-09 5.88E-09
 3.00       0.0003 000 1.22E-08 1.10E-08 1.07E-07 9.07E-09 1.42E-08
 3.00       0.0010 000 3.94E-08 3.59E-08 3.60E-07 2.90E-08 3.49E-08
 3.00       0.0020 000 7.96E-08 7.26E-08 7.30E-07 5.95E-08 6.99E-08
 3.00       0.0030 000 1.20E-07 1.10E-07 1.11E-06 8.95E-08 1.02E-07
 3.00       0.0060 000 2.47E-07 2.25E-07 2.27E-06 1.86E-07 2.01E-07
 3.00       0.0080 000 3.35E-07 3.03E-07 3.05E-06 2.54E-07 2.79E-07
 3.00       0.0100 000 4.24E-07 3.82E-07 3.85E-06 3.19E-07 3.45E-07
 3.00       0.0140 000 5.82E-07 5.24E-07 5.29E-06 4.38E-07 4.61E-07
 3.00       0.0200 000 8.33E-07 7.49E-07 7.55E-06 6.27E-07 6.45E-07
 4.00       0.0001 000 6.36E-09 5.87E-09 5.31E-08 5.41E-09 7.91E-09
 4.00       0.0003 000 1.74E-08 1.58E-08 1.54E-07 1.26E-08 1.57E-08
 4.00       0.0010 000 5.57E-08 5.10E-08 5.13E-07 3.98E-08 4.28E-08
 4.00       0.0020 000 1.11E-07 1.02E-07 1.02E-06 7.96E-08 8.40E-08
 4.00       0.0030 000 1.67E-07 1.54E-07 1.55E-06 1.20E-07 1.24E-07
 4.00       0.0060 000 3.38E-07 3.10E-07 3.13E-06 2.42E-07 2.48E-07
 4.00       0.0080 000 4.50E-07 4.14E-07 4.18E-06 3.18E-07 3.18E-07
 4.00       0.0100 000 5.65E-07 5.19E-07 5.25E-06 3.99E-07 3.99E-07
 4.00       0.0140 000 7.83E-07 7.19E-07 7.28E-06 5.51E-07 5.48E-07
 4.00       0.0200 000 1.16E-06 1.06E-06 1.07E-05 8.15E-07 8.16E-07
 5.00       0.0001 000 7.95E-09 7.40E-09 6.89E-08 6.73E-09 9.10E-09
 5.00       0.0003 000 2.23E-08 2.04E-08 2.00E-07 1.65E-08 1.86E-08
 5.00       0.0010 000 7.23E-08 6.63E-08 6.68E-07 5.18E-08 5.33E-08
 5.00       0.0020 000 1.44E-07 1.32E-07 1.33E-06 1.03E-07 1.05E-07
 5.00       0.0030 000 2.17E-07 1.99E-07 2.01E-06 1.55E-07 1.55E-07
 5.00       0.0060 000 4.36E-07 4.01E-07 4.06E-06 3.09E-07 3.06E-07
 5.00       0.0080 000 5.85E-07 5.38E-07 5.44E-06 4.13E-07 4.09E-07
 5.00       0.0100 000 7.30E-07 6.72E-07 6.80E-06 5.15E-07 5.06E-07
 5.00       0.0140 000 1.01E-06 9.30E-07 9.41E-06 7.10E-07 6.96E-07
 5.00       0.0200 000 1.47E-06 1.35E-06 1.37E-05 1.03E-06 1.01E-06
 6.00       0.0001 000 1.02E-08 9.45E-09 9.43E-08 7.58E-09 8.00E-09
 6.00       0.0003 000 2.67E-08 2.45E-08 2.45E-07 1.95E-08 2.03E-08
 6.00       0.0010 000 8.81E-08 8.09E-08 8.16E-07 6.34E-08 6.37E-08
 6.00       0.0020 000 1.79E-07 1.64E-07 1.66E-06 1.28E-07 1.26E-07
 6.00       0.0030 000 2.77E-07 2.54E-07 2.58E-06 1.98E-07 1.93E-07
 6.00       0.0060 000 5.34E-07 4.90E-07 4.97E-06 3.80E-07 3.71E-07
 6.00       0.0080 000 7.11E-07 6.53E-07 6.62E-06 5.05E-07 4.93E-07
 6.00       0.0100 000 8.96E-07 8.24E-07 8.34E-06 6.35E-07 6.21E-07
 6.00       0.0140 000 1.24E-06 1.14E-06 1.15E-05 8.74E-07 8.51E-07
 6.00       0.0200 000 1.80E-06 1.66E-06 1.68E-05 1.27E-06 1.23E-06