# synthesized masses after decays from shen+ 18

# C/O = 50/50, metallicity = 0.000, 12+16 = 1.0
mass    01H          02H          03He         04He         06Li         07Li         09Be         10B          11B          12C          13C          14N          15N          16O          17O          18O          19F          20Ne         21Ne         22Ne         23Na         24Mg         25Mg         26Mg         27Al         28Si         29Si         30Si         31P          32S          33S          34S          36S          35Cl         37Cl         36Ar         38Ar         40Ar         39K          40K          41K          40Ca         42Ca         43Ca         44Ca         46Ca         48Ca         45Sc         46Ti         47Ti         48Ti         49Ti         50Ti         50V          51V          50Cr         52Cr         53Cr         54Cr         55Mn         54Fe         56Fe         57Fe         58Fe         59Co         58Ni         60Ni         61Ni         62Ni         64Ni         63Cu         65Cu         64Zn         66Zn
0.8     1.147e-08    2.769e-21    6.158e-15    5.457e-08    2.201e-27    1.256e-19    7.210e-30    9.684e-24    1.141e-18    6.739e-03    3.609e-07    4.735e-08    3.257e-06    1.763e-01    1.095e-09    1.250e-10    1.840e-09    7.169e-03    2.511e-08    2.072e-08    1.765e-05    2.150e-02    1.838e-06    4.625e-06    1.287e-04    3.193e-01    6.757e-05    3.925e-05    1.327e-04    1.647e-01    7.779e-05    2.983e-08    9.126e-14    2.068e-06    7.042e-06    3.086e-02    1.818e-09    1.811e-15    3.594e-07    3.630e-12    5.536e-07    2.732e-02    3.711e-10    5.902e-11    1.450e-05    8.069e-21    8.909e-28    6.626e-08    1.820e-11    1.783e-10    2.390e-04    5.499e-06    3.755e-20    4.595e-17    4.663e-09    3.215e-10    2.873e-03    1.151e-05    1.134e-16    4.428e-05    7.125e-06    4.224e-02    1.414e-04    1.889e-14    5.112e-06    1.478e-05    3.290e-06    4.444e-09    1.747e-10    1.343e-22    6.801e-12    1.040e-15    3.729e-14    3.400e-17
0.85    2.603e-08    2.994e-21    4.612e-15    6.807e-08    2.092e-27    1.408e-19    7.657e-30    7.600e-24    3.635e-19    3.622e-03    4.460e-07    1.810e-08    2.455e-06    1.310e-01    5.280e-10    4.023e-11    6.141e-10    3.644e-03    2.087e-08    9.235e-09    9.186e-06    1.329e-02    2.122e-06    2.345e-06    7.447e-05    3.050e-01    4.435e-05    2.554e-05    9.791e-05    1.709e-01    5.683e-05    1.716e-08    6.119e-14    2.528e-06    5.928e-06    3.432e-02    1.321e-09    1.420e-15    5.176e-07    2.828e-12    5.633e-07    3.275e-02    2.604e-10    6.339e-11    1.948e-05    5.790e-21    6.238e-28    7.207e-08    1.655e-11    5.458e-10    4.433e-04    8.259e-06    3.545e-20    4.674e-17    2.105e-08    3.727e-10    7.498e-03    3.469e-05    1.732e-16    8.736e-05    1.572e-05    1.465e-01    3.843e-04    1.724e-14    6.153e-06    1.647e-05    3.921e-06    5.008e-09    1.907e-10    3.749e-22    7.294e-12    1.221e-15    4.314e-14    5.376e-17
0.9     4.902e-08    2.910e-21    3.181e-15    1.181e-07    1.473e-27    1.708e-19    8.103e-30    6.616e-24    4.552e-19    2.078e-03    5.319e-07    1.333e-08    1.756e-06    9.407e-02    5.635e-10    2.847e-11    2.840e-10    1.894e-03    1.923e-08    4.727e-09    4.929e-06    7.855e-03    2.512e-06    1.229e-06    4.220e-05    2.640e-01    2.737e-05    1.604e-05    7.032e-05    1.546e-01    3.981e-05    9.726e-09    3.967e-14    2.462e-06    4.786e-06    3.223e-02    9.249e-10    1.056e-15    5.567e-07    2.120e-12    5.335e-07    3.207e-02    1.746e-10    6.385e-11    2.118e-05    4.082e-21    4.274e-28    7.197e-08    1.467e-11    8.531e-10    5.647e-04    1.015e-05    3.018e-20    4.402e-17    4.963e-08    9.835e-10    1.181e-02    5.949e-05    2.605e-16    1.387e-04    2.428e-05    2.974e-01    7.914e-04    1.731e-14    7.097e-06    1.927e-05    4.510e-06    5.115e-09    5.280e-10    1.130e-21    7.693e-11    3.922e-12    6.493e-10    3.574e-12
1.0     1.467e-07    2.182e-21    1.284e-15    5.172e-03    7.529e-26    8.120e-20    8.998e-30    2.979e-24    1.728e-20    7.740e-04    6.315e-07    2.450e-09    7.390e-07    4.425e-02    6.593e-10    8.889e-13    2.515e-11    5.005e-04    1.582e-08    9.759e-10    1.356e-06    2.485e-03    3.231e-06    3.386e-07    1.316e-05    1.792e-01    8.978e-06    5.810e-06    3.630e-05    1.116e-01    1.827e-05    3.170e-09    1.604e-14    2.132e-06    2.831e-06    2.426e-02    4.335e-10    5.424e-16    5.343e-07    1.113e-12    4.123e-07    2.469e-02    7.800e-11    9.058e-08    2.681e-05    1.722e-21    1.855e-28    6.121e-08    8.719e-12    1.114e-08    5.097e-04    9.364e-06    1.805e-20    3.240e-17    4.035e-08    3.180e-10    1.039e-02    8.768e-06    1.248e-16    1.720e-04    1.133e-05    5.804e-01    3.670e-03    1.065e-14    8.142e-04    1.055e-03    9.280e-03    1.100e-04    6.226e-05    6.433e-19    1.029e-05    2.093e-06    2.047e-04    4.124e-06
1.1     4.452e-07    1.191e-21    4.882e-17    1.046e-02    1.324e-25    7.668e-21    9.897e-30    6.745e-25    3.328e-21    1.808e-04    6.033e-07    8.339e-10    2.180e-07    1.705e-02    8.502e-10    6.391e-14    2.922e-12    1.017e-04    1.197e-08    1.528e-10    2.838e-07    6.016e-04    2.943e-06    8.034e-08    3.388e-06    1.027e-01    2.056e-06    1.647e-06    1.805e-05    6.750e-02    7.546e-06    6.805e-09    7.363e-15    1.725e-06    1.460e-06    1.537e-02    3.142e-09    8.144e-16    5.023e-07    6.952e-13    2.630e-07    1.603e-02    2.055e-09    1.843e-07    2.892e-05    3.388e-22    8.679e-29    4.391e-08    1.893e-11    2.038e-08    3.949e-04    7.475e-06    3.483e-21    1.888e-17    3.660e-08    2.123e-10    7.576e-03    8.923e-07    8.192e-17    1.383e-04    1.874e-06    8.298e-01    7.808e-03    1.480e-14    1.369e-03    1.933e-03    1.951e-02    2.841e-04    1.918e-04    1.850e-18    1.718e-05    4.285e-06    4.388e-04    1.087e-05

# C/O = 50/50, metallicity = 0.005, 12+16 = 1.0
mass    01H          02H          03He         04He         06Li         07Li         09Be         10B          11B          12C          13C          14N          15N          16O          17O          18O          19F          20Ne         21Ne         22Ne         23Na         24Mg         25Mg         26Mg         27Al         28Si         29Si         30Si         31P          32S          33S          34S          36S          35Cl         37Cl         36Ar         38Ar         40Ar         39K          40K          41K          40Ca         42Ca         43Ca         44Ca         46Ca         48Ca         45Sc         46Ti         47Ti         48Ti         49Ti         50Ti         50V          51V          50Cr         52Cr         53Cr         54Cr         55Mn         54Fe         56Fe         57Fe         58Fe         59Co         58Ni         60Ni         61Ni         62Ni         64Ni         63Cu         65Cu         64Zn         66Zn
0.8     2.109e-21    2.908e-29    3.540e-15    1.364e-10    4.824e-30    5.877e-20    7.251e-30    3.589e-23    3.039e-13    6.693e-03    4.490e-09    6.371e-07    1.484e-08    1.834e-01    1.723e-07    3.147e-09    1.489e-10    6.914e-03    3.093e-07    1.635e-05    2.506e-05    1.572e-02    1.783e-05    3.785e-05    5.391e-04    3.363e-01    5.341e-04    3.824e-04    2.271e-04    1.606e-01    3.462e-04    8.737e-04    5.726e-09    6.770e-05    2.464e-05    2.669e-02    4.150e-04    1.028e-10    5.027e-05    7.984e-09    4.284e-06    2.068e-02    1.123e-05    1.951e-08    9.599e-06    3.135e-13    7.141e-20    1.883e-07    4.446e-06    1.118e-07    1.535e-04    9.261e-06    1.148e-11    2.521e-10    1.883e-05    5.884e-05    2.016e-03    1.653e-04    4.777e-09    6.844e-04    4.895e-03    3.042e-02    3.050e-04    1.076e-06    5.547e-06    3.503e-04    6.905e-05    3.140e-06    1.898e-05    1.089e-07    2.784e-06    1.701e-06    2.058e-05    1.664e-05
0.85    5.118e-20    3.300e-29    3.266e-15    8.658e-11    5.120e-30    1.361e-19    7.699e-30    1.408e-22    4.874e-13    3.648e-03    1.493e-08    1.560e-07    6.172e-09    1.380e-01    8.947e-08    2.316e-10    3.497e-11    3.539e-03    3.429e-08    1.497e-05    1.184e-05    9.424e-03    6.705e-06    1.570e-05    3.159e-04    3.186e-01    3.785e-04    2.474e-04    1.642e-04    1.661e-01    2.663e-04    7.461e-04    3.716e-09    5.893e-05    2.179e-05    3.035e-02    3.833e-04    7.473e-11    4.779e-05    6.954e-09    4.050e-06    2.660e-02    1.043e-05    1.673e-08    1.480e-05    2.047e-13    4.678e-20    1.880e-07    4.220e-06    1.248e-07    3.595e-04    1.445e-05    8.954e-12    2.106e-10    2.886e-05    6.388e-05    6.535e-03    3.310e-04    4.558e-09    1.340e-03    5.998e-03    1.348e-01    7.683e-04    2.837e-07    2.504e-06    4.783e-04    4.975e-05    1.660e-06    1.376e-05    7.972e-08    1.760e-06    1.263e-06    1.367e-05    1.471e-05
0.9     3.180e-17    5.956e-29    2.663e-15    3.315e-08    5.410e-30    1.503e-19    8.158e-30    5.637e-23    5.217e-13    2.080e-03    5.928e-09    2.337e-07    3.262e-09    1.003e-01    7.034e-08    4.158e-10    3.080e-11    1.856e-03    9.614e-08    6.712e-06    6.964e-06    5.381e-03    4.533e-06    9.230e-06    1.773e-04    2.766e-01    2.567e-04    1.536e-04    1.149e-04    1.509e-01    1.950e-04    5.952e-04    2.265e-09    4.900e-05    1.825e-05    2.883e-02    3.315e-04    5.118e-11    4.261e-05    5.777e-09    3.594e-06    2.671e-02    9.102e-06    1.361e-08    1.677e-05    1.240e-13    3.088e-20    1.753e-07    3.755e-06    1.256e-07    4.826e-04    1.744e-05    6.446e-12    1.657e-10    3.563e-05    6.325e-05    1.067e-02    4.853e-04    4.124e-09    2.070e-03    6.831e-03    2.824e-01    1.460e-03    1.885e-07    1.377e-06    6.563e-04    3.478e-05    8.731e-07    9.295e-06    5.139e-08    1.016e-06    8.246e-07    8.128e-06    1.168e-05
1.0     5.762e-12    5.046e-28    1.441e-15    5.151e-03    3.688e-29    8.037e-20    9.047e-30    4.231e-24    1.211e-18    7.760e-04    2.297e-11    3.682e-10    7.363e-10    4.822e-02    4.649e-11    2.481e-12    1.482e-12    4.961e-04    3.145e-09    4.614e-06    1.645e-06    1.544e-03    8.372e-07    2.199e-06    5.076e-05    1.873e-01    1.023e-04    5.323e-05    5.301e-05    1.088e-01    9.444e-05    3.169e-04    6.521e-10    3.091e-05    1.133e-05    2.191e-02    2.084e-04    2.114e-11    2.999e-05    3.612e-09    2.449e-06    2.102e-02    6.007e-06    2.034e-07    2.317e-05    4.086e-14    8.248e-21    1.379e-07    2.562e-06    1.496e-07    4.473e-04    1.546e-05    2.746e-12    9.177e-11    3.101e-05    4.803e-05    9.471e-03    4.333e-04    2.940e-09    1.813e-03    5.265e-03    5.662e-01    7.299e-03    1.253e-08    1.685e-04    2.285e-03    9.082e-03    2.250e-04    6.385e-04    1.903e-08    7.773e-07    2.182e-06    6.322e-05    2.160e-05
1.1     1.415e-11    1.476e-27    7.028e-17    1.026e-02    8.993e-29    9.206e-22    9.918e-30    2.483e-25    3.357e-19    6.695e-04    3.925e-11    7.219e-11    1.783e-10    1.883e-02    3.565e-12    1.922e-13    8.564e-14    9.867e-05    5.550e-10    6.100e-06    3.136e-07    3.130e-04    1.469e-07    4.272e-07    9.954e-06    1.072e-01    3.146e-05    1.414e-05    2.015e-05    6.618e-02    3.546e-05    1.256e-04    1.392e-10    1.511e-05    5.450e-06    1.414e-02    9.612e-05    6.410e-12    1.621e-05    1.633e-09    1.280e-06    1.407e-02    3.000e-06    3.560e-07    2.613e-05    7.592e-15    1.038e-21    9.295e-08    1.304e-06    1.555e-07    3.554e-04    1.182e-05    8.661e-13    3.928e-11    2.303e-05    3.037e-05    7.021e-03    3.263e-04    1.637e-09    1.290e-03    3.334e-03    8.154e-01    1.352e-02    1.736e-09    3.906e-04    4.782e-03    1.880e-02    4.827e-04    1.467e-03    3.169e-09    1.068e-06    4.037e-06    1.202e-04    3.654e-05

# C/O = 50/50, metallicity = 0.010, 12+16 = 1.0
mass    01H          02H          03He         04He         06Li         07Li         09Be         10B          11B          12C          13C          14N          15N          16O          17O          18O          19F          20Ne         21Ne         22Ne         23Na         24Mg         25Mg         26Mg         27Al         28Si         29Si         30Si         31P          32S          33S          34S          36S          35Cl         37Cl         36Ar         38Ar         40Ar         39K          40K          41K          40Ca         42Ca         43Ca         44Ca         46Ca         48Ca         45Sc         46Ti         47Ti         48Ti         49Ti         50Ti         50V          51V          50Cr         52Cr         53Cr         54Cr         55Mn         54Fe         56Fe         57Fe         58Fe         59Co         58Ni         60Ni         61Ni         62Ni         64Ni         63Cu         65Cu         64Zn         66Zn
0.8     1.738e-21    4.709e-30    2.557e-15    7.874e-11    4.815e-30    3.681e-20    7.268e-30    2.222e-23    2.467e-13    6.892e-03    3.913e-09    4.700e-07    5.745e-09    1.857e-01    1.592e-07    2.507e-09    1.148e-10    6.617e-03    4.840e-07    5.535e-05    2.872e-05    1.223e-02    3.277e-05    6.437e-05    7.249e-04    3.377e-01    7.367e-04    9.346e-04    4.004e-04    1.599e-01    4.736e-04    1.952e-03    2.785e-08    1.238e-04    3.393e-05    2.534e-02    9.466e-04    5.384e-10    8.670e-05    2.439e-08    6.201e-06    1.862e-02    2.784e-05    5.809e-08    8.285e-06    5.352e-12    3.565e-18    2.634e-07    1.110e-05    2.715e-07    1.235e-04    1.089e-05    1.897e-10    2.329e-09    2.720e-05    1.305e-04    1.669e-03    2.003e-04    1.904e-08    9.373e-04    1.005e-02    2.569e-02    3.773e-04    1.074e-06    5.370e-06    6.819e-04    1.172e-04    8.609e-06    5.955e-05    6.567e-07    7.555e-06    4.433e-06    2.890e-05    5.517e-05
0.85    5.605e-21    2.347e-29    2.547e-15    8.518e-11    5.117e-30    5.041e-19    7.703e-30    4.144e-22    3.551e-12    3.600e-03    7.115e-08    8.242e-07    3.107e-09    1.402e-01    3.551e-07    1.269e-09    8.149e-11    3.511e-03    3.872e-07    2.267e-05    1.817e-05    7.209e-03    1.892e-05    3.278e-05    4.239e-04    3.194e-01    5.121e-04    6.073e-04    2.856e-04    1.644e-01    3.615e-04    1.661e-03    1.865e-08    1.039e-04    2.985e-05    2.893e-02    8.623e-04    3.926e-10    8.026e-05    2.009e-08    5.739e-06    2.455e-02    2.546e-05    4.908e-08    1.343e-05    3.842e-12    2.860e-18    2.556e-07    1.031e-05    2.820e-07    3.239e-04    1.814e-05    1.469e-10    1.901e-09    4.314e-05    1.413e-04    6.034e-03    4.264e-04    1.807e-08    1.959e-03    1.247e-02    1.294e-01    1.033e-03    7.029e-07    3.007e-06    9.725e-04    8.727e-05    4.429e-06    4.100e-05    4.428e-07    4.611e-06    3.032e-06    1.821e-05    4.513e-05
0.9     2.331e-18    8.910e-29    2.204e-15    2.032e-08    5.442e-30    4.183e-19    8.161e-30    1.346e-22    1.802e-12    2.039e-03    2.072e-08    3.069e-07    1.535e-09    1.021e-01    1.111e-07    6.844e-10    4.046e-11    1.850e-03    2.089e-07    8.760e-06    9.834e-06    4.015e-03    1.151e-05    2.076e-05    2.350e-04    2.772e-01    3.381e-04    3.710e-04    1.959e-04    1.486e-01    2.632e-04    1.323e-03    1.134e-08    8.466e-05    2.514e-05    2.742e-02    7.450e-04    2.680e-10    7.097e-05    1.598e-08    5.072e-06    2.473e-02    2.220e-05    3.941e-08    1.533e-05    2.568e-12    2.300e-18    2.339e-07    9.132e-06    2.702e-07    4.435e-04    2.225e-05    1.024e-10    1.422e-09    5.386e-05    1.400e-04    1.002e-02    6.332e-04    1.639e-08    3.097e-03    1.434e-02    2.758e-01    2.002e-03    3.596e-07    1.979e-06    1.384e-03    6.301e-05    2.270e-06    2.658e-05    2.686e-07    2.598e-06    1.876e-06    1.058e-05    3.280e-05
1.0     1.402e-12    4.288e-29    1.261e-15    5.010e-03    7.401e-30    6.695e-20    9.052e-30    3.890e-24    2.481e-18    7.736e-04    1.602e-11    4.862e-10    2.920e-10    4.917e-02    9.885e-11    5.074e-12    1.058e-12    4.887e-04    7.258e-09    9.227e-06    2.037e-06    1.108e-03    1.653e-06    3.951e-06    6.470e-05    1.893e-01    1.299e-04    1.226e-04    8.628e-05    1.074e-01    1.270e-04    7.012e-04    3.292e-09    5.173e-05    1.581e-05    2.093e-02    4.664e-04    1.127e-10    4.902e-05    9.419e-09    3.457e-06    1.960e-02    1.451e-05    2.623e-07    2.145e-05    1.093e-12    1.406e-18    1.825e-07    6.157e-06    2.739e-07    4.143e-04    1.983e-05    4.182e-11    7.123e-10    4.747e-05    1.078e-04    8.890e-03    5.621e-04    1.191e-08    2.735e-03    1.121e-02    5.545e-01    8.633e-03    2.659e-08    2.802e-04    6.640e-03    8.565e-03    2.491e-04    1.244e-03    9.010e-08    1.317e-06    2.703e-06    4.301e-05    4.300e-05
1.1     3.115e-12    9.239e-29    6.866e-17    9.917e-03    1.004e-29    8.671e-22    9.943e-30    3.575e-25    6.153e-19    1.831e-04    1.242e-11    7.415e-11    6.947e-11    1.941e-02    6.423e-12    3.440e-13    8.271e-14    1.002e-04    1.244e-09    2.300e-06    4.657e-07    2.415e-04    3.273e-07    8.737e-07    1.473e-05    1.089e-01    4.179e-05    3.426e-05    3.341e-05    6.516e-02    5.116e-05    2.808e-04    8.577e-10    2.591e-05    7.875e-06    1.348e-02    2.162e-04    4.243e-11    2.640e-05    4.726e-09    1.829e-06    1.312e-02    7.216e-06    4.228e-07    2.394e-05    4.531e-13    3.974e-19    1.238e-07    3.121e-06    2.511e-07    3.296e-04    1.510e-05    1.478e-11    3.090e-10    3.571e-05    6.920e-05    6.588e-03    4.186e-04    6.906e-09    1.968e-03    7.202e-03    8.016e-01    1.562e-02    5.285e-09    6.156e-04    1.279e-02    1.758e-02    5.277e-04    2.673e-03    2.382e-08    1.372e-06    4.476e-06    8.011e-05    6.402e-05

# C/O = 50/50, metallicity = 0.020, 12+16 = 1.0
mass    01H          02H          03He         04He         06Li         07Li         09Be         10B          11B          12C          13C          14N          15N          16O          17O          18O          19F          20Ne         21Ne         22Ne         23Na         24Mg         25Mg         26Mg         27Al         28Si         29Si         30Si         31P          32S          33S          34S          36S          35Cl         37Cl         36Ar         38Ar         40Ar         39K          40K          41K          40Ca         42Ca         43Ca         44Ca         46Ca         48Ca         45Sc         46Ti         47Ti         48Ti         49Ti         50Ti         50V          51V          50Cr         52Cr         53Cr         54Cr         55Mn         54Fe         56Fe         57Fe         58Fe         59Co         58Ni         60Ni         61Ni         62Ni         64Ni         63Cu         65Cu         64Zn         66Zn
0.8     3.937e-22    2.575e-30    1.904e-15    4.824e-11    4.818e-30    5.669e-19    7.275e-30    3.500e-22    6.113e-12    6.831e-03    1.185e-07    1.156e-06    3.009e-09    1.880e-01    5.953e-07    2.676e-09    1.811e-10    6.375e-03    1.058e-06    1.205e-04    4.384e-05    8.657e-03    7.528e-05    1.200e-04    8.705e-04    3.380e-01    1.181e-03    2.140e-03    6.873e-04    1.543e-01    6.400e-04    4.218e-03    1.818e-07    2.267e-04    4.655e-05    2.258e-02    2.077e-03    4.410e-09    1.406e-04    9.348e-08    8.550e-06    1.545e-02    6.287e-05    1.585e-07    6.617e-06    1.291e-10    5.623e-16    3.770e-07    2.438e-05    6.652e-07    9.136e-05    1.189e-05    1.995e-09    1.126e-08    3.736e-05    2.917e-04    1.330e-03    2.365e-04    7.980e-08    1.233e-03    2.012e-02    2.123e-02    4.511e-04    1.883e-06    7.602e-06    1.292e-03    2.046e-04    2.209e-05    1.880e-04    1.737e-06    1.280e-05    1.176e-05    2.622e-05    1.076e-04
0.85    1.220e-20    1.724e-29    2.048e-15    6.661e-11    5.118e-30    1.241e-18    7.694e-30    3.207e-22    6.070e-12    3.566e-03    9.277e-08    6.905e-07    1.486e-09    1.422e-01    2.954e-07    1.137e-09    9.849e-11    3.390e-03    5.992e-07    5.206e-05    2.445e-05    4.980e-03    3.920e-05    6.443e-05    5.034e-04    3.192e-01    7.885e-04    1.393e-03    4.843e-04    1.578e-01    4.882e-04    3.571e-03    1.227e-07    1.836e-04    4.117e-05    2.609e-02    1.888e-03    3.220e-09    1.292e-04    7.211e-08    7.922e-06    2.127e-02    5.778e-05    1.331e-07    1.154e-05    9.842e-11    5.083e-16    3.577e-07    2.269e-05    6.634e-07    2.779e-04    2.183e-05    1.653e-09    9.469e-09    6.171e-05    3.146e-04    5.418e-03    5.426e-04    7.396e-08    2.787e-03    2.536e-02    1.230e-01    1.395e-03    1.132e-06    5.199e-06    1.954e-03    1.594e-04    1.132e-05    1.265e-04    1.124e-06    7.882e-06    7.765e-06    1.664e-05    8.490e-05
0.9     3.591e-19    1.269e-29    1.430e-15    2.694e-08    5.409e-30    1.174e-19    8.159e-30    2.936e-23    4.938e-13    2.409e-03    6.273e-09    1.541e-07    5.612e-10    1.037e-01    6.512e-08    4.555e-10    6.864e-11    1.529e-03    4.045e-07    5.874e-05    1.103e-05    2.673e-03    1.737e-05    2.819e-05    2.685e-04    2.780e-01    4.848e-04    8.425e-04    3.261e-04    1.424e-01    3.547e-04    2.832e-03    7.265e-08    1.444e-04    3.468e-05    2.481e-02    1.614e-03    2.173e-09    1.127e-04    5.326e-08    6.948e-06    2.164e-02    4.993e-05    1.056e-07    1.333e-05    6.936e-11    4.150e-16    3.178e-07    1.985e-05    6.084e-07    3.876e-04    2.750e-05    1.184e-09    7.088e-09    7.796e-05    3.113e-04    9.058e-03    8.192e-04    6.647e-08    4.513e-03    2.948e-02    2.648e-01    2.793e-03    3.052e-07    3.664e-06    2.926e-03    1.181e-04    5.058e-06    7.968e-05    6.717e-07    4.558e-06    4.711e-06    9.972e-06    5.907e-05
1.0     4.181e-13    7.568e-30    1.127e-15    4.830e-03    6.037e-30    5.692e-20    9.040e-30    3.686e-24    1.037e-17    7.662e-04    2.793e-11    7.959e-10    1.169e-10    4.996e-02    2.436e-10    1.090e-11    1.932e-12    4.722e-04    1.925e-08    1.845e-05    2.790e-06    7.396e-04    3.558e-06    7.164e-06    7.436e-05    1.911e-01    1.879e-04    2.798e-04    1.417e-04    1.026e-01    1.728e-04    1.512e-03    2.704e-08    8.511e-05    2.199e-05    1.899e-02    1.003e-03    9.726e-10    7.594e-05    2.807e-08    4.705e-06    1.729e-02    3.206e-05    3.060e-07    1.879e-05    3.164e-11    2.863e-16    2.360e-07    1.320e-05    5.183e-07    3.652e-04    2.476e-05    5.298e-10    3.590e-09    6.909e-05    2.404e-04    7.991e-03    7.211e-04    4.982e-08    3.970e-03    2.305e-02    5.350e-01    1.096e-02    6.565e-08    4.193e-04    1.580e-02    7.934e-03    2.924e-04    2.422e-03    2.244e-07    2.457e-06    3.962e-06    3.334e-05    7.754e-05
1.1     8.454e-13    9.467e-30    6.308e-20    9.229e-03    6.678e-30    8.980e-23    9.908e-30    2.082e-25    7.343e-19    4.129e-04    3.602e-12    3.104e-11    1.426e-11    1.965e-02    1.532e-12    5.641e-14    7.218e-15    2.479e-05    4.504e-10    1.570e-05    3.138e-07    1.252e-04    2.231e-07    6.950e-07    1.255e-05    1.105e-01    5.453e-05    6.957e-05    5.163e-05    6.222e-02    7.009e-05    6.112e-04    5.628e-09    4.039e-05    1.107e-05    1.228e-02    4.639e-04    3.047e-10    3.944e-05    1.196e-08    2.479e-06    1.167e-02    1.559e-05    4.153e-07    2.031e-05    1.107e-11    7.312e-17    1.537e-07    6.635e-06    3.967e-07    2.918e-04    1.910e-05    1.910e-10    1.503e-09    5.279e-05    1.562e-04    5.999e-03    5.429e-04    2.997e-08    2.902e-03    1.509e-02    7.760e-01    1.930e-02    1.651e-08    8.888e-04    2.939e-02    1.566e-02    5.936e-04    4.856e-03    3.124e-08    2.431e-06    5.034e-06    5.770e-05    1.080e-04

# C/O = 30/70, metallicity = 0.000, 12+16 = 1.0
mass    01H          02H          03He         04He         06Li         07Li         09Be         10B          11B          12C          13C          14N          15N          16O          17O          18O          19F          20Ne         21Ne         22Ne         23Na         24Mg         25Mg         26Mg         27Al         28Si         29Si         30Si         31P          32S          33S          34S          36S          35Cl         37Cl         36Ar         38Ar         40Ar         39K          40K          41K          40Ca         42Ca         43Ca         44Ca         46Ca         48Ca         45Sc         46Ti         47Ti         48Ti         49Ti         50Ti         50V          51V          50Cr         52Cr         53Cr         54Cr         55Mn         54Fe         56Fe         57Fe         58Fe         59Co         58Ni         60Ni         61Ni         62Ni         64Ni         63Cu         65Cu         64Zn         66Zn
0.8     2.196e-10    8.029e-24    9.679e-17    1.788e-07    8.763e-30    1.090e-21    7.216e-30    2.577e-23    3.172e-18    9.487e-02    1.747e-07    2.716e-06    2.891e-06    3.196e-01    1.617e-08    3.307e-09    2.342e-08    2.786e-03    2.906e-07    9.453e-08    1.560e-05    7.128e-03    2.052e-07    8.339e-07    1.985e-05    1.903e-01    3.417e-05    1.582e-05    6.442e-05    1.083e-01    2.928e-05    3.111e-09    3.709e-15    1.384e-06    2.280e-06    2.086e-02    2.083e-10    7.303e-17    2.307e-07    3.043e-13    1.514e-07    1.859e-02    2.706e-11    1.591e-11    9.776e-06    1.707e-24    4.441e-28    2.531e-08    4.689e-12    1.601e-10    1.972e-04    4.047e-06    9.533e-24    2.609e-18    4.059e-09    1.592e-10    2.415e-03    9.737e-06    3.370e-17    3.504e-05    5.934e-06    3.448e-02    1.155e-04    1.549e-15    1.393e-06    8.725e-06    1.994e-06    3.678e-09    1.197e-09    1.607e-22    2.087e-10    4.717e-11    5.108e-09    1.332e-10
0.85    6.487e-09    1.322e-21    2.417e-15    4.564e-08    6.838e-29    7.075e-21    7.662e-30    3.958e-24    5.163e-18    6.024e-03    2.059e-07    1.525e-07    2.938e-06    2.110e-01    3.036e-09    3.039e-10    2.530e-09    9.655e-03    3.170e-08    3.758e-08    1.925e-05    1.864e-02    1.329e-06    5.119e-06    1.203e-04    2.733e-01    5.730e-05    3.411e-05    1.185e-04    1.620e-01    5.653e-05    2.446e-08    6.521e-14    2.783e-06    4.433e-06    3.349e-02    1.171e-09    9.720e-16    5.229e-07    2.077e-12    4.075e-07    3.233e-02    1.940e-10    4.649e-11    1.898e-05    5.230e-21    7.603e-28    5.298e-08    1.609e-11    4.641e-10    4.053e-04    7.683e-06    1.510e-20    1.718e-17    1.559e-08    3.518e-10    5.778e-03    3.044e-05    1.049e-16    6.852e-05    1.274e-05    9.638e-02    2.681e-04    1.945e-14    3.624e-06    1.290e-05    3.411e-06    3.181e-09    1.186e-10    2.352e-22    3.911e-12    5.981e-16    2.792e-14    1.046e-17
0.9     1.760e-08    1.278e-21    1.647e-15    5.457e-08    1.522e-28    7.482e-21    8.119e-30    1.899e-24    1.531e-18    2.727e-03    2.486e-07    3.633e-08    2.696e-06    1.616e-01    7.374e-10    5.758e-11    4.222e-10    3.662e-03    1.575e-08    1.125e-08    7.420e-06    1.108e-02    1.326e-06    1.924e-06    6.046e-05    2.462e-01    4.248e-05    2.332e-05    9.099e-05    1.507e-01    4.697e-05    1.197e-08    3.932e-14    2.826e-06    4.647e-06    3.249e-02    8.854e-10    7.601e-16    6.181e-07    1.672e-12    5.104e-07    3.308e-02    1.357e-10    5.635e-11    2.181e-05    2.915e-21    5.897e-28    6.468e-08    1.855e-11    9.099e-10    5.741e-04    9.913e-06    1.418e-20    2.046e-17    6.403e-08    1.614e-09    1.098e-02    7.366e-05    2.729e-16    1.111e-04    2.236e-05    2.456e-01    6.205e-04    2.066e-14    3.963e-06    1.575e-05    3.447e-06    2.780e-09    1.202e-10    2.719e-22    4.751e-12    4.693e-16    3.600e-14    1.700e-17
1.0     8.285e-08    1.460e-21    6.087e-16    3.419e-03    3.560e-26    1.115e-20    8.997e-30    1.000e-24    7.476e-20    6.930e-04    4.821e-07    4.972e-09    1.292e-06    6.958e-02    4.963e-10    2.254e-12    3.636e-11    6.662e-04    2.036e-08    1.762e-09    1.498e-06    2.844e-03    2.339e-06    3.732e-07    1.455e-05    1.790e-01    1.292e-05    7.563e-06    4.440e-05    1.180e-01    2.103e-05    2.917e-09    1.295e-14    2.431e-06    3.390e-06    2.669e-02    4.023e-10    3.505e-16    6.045e-07    8.211e-13    5.920e-07    2.798e-02    5.365e-11    5.705e-08    2.632e-05    1.020e-21    2.351e-28    8.395e-08    1.406e-11    7.646e-09    5.576e-04    1.001e-05    8.300e-21    1.358e-17    4.952e-08    3.382e-10    1.141e-02    3.073e-05    1.022e-16    1.660e-04    2.073e-05    5.464e-01    3.108e-03    2.363e-14    5.740e-04    7.897e-04    7.153e-03    8.405e-05    4.488e-05    5.904e-19    6.984e-06    1.556e-06    1.482e-04    2.872e-06
1.1     2.355e-07    1.028e-21    8.351e-18    8.377e-03    7.903e-26    1.777e-22    9.898e-30    5.740e-25    7.516e-21    6.006e-04    5.640e-07    1.432e-09    3.925e-07    2.516e-02    6.385e-10    7.406e-14    5.449e-12    9.158e-05    2.063e-08    1.560e-10    2.020e-07    5.487e-04    3.012e-06    6.542e-08    2.985e-06    1.076e-01    2.587e-06    1.816e-06    2.074e-05    7.423e-02    7.711e-06    5.787e-09    5.612e-15    1.900e-06    1.715e-06    1.744e-02    2.744e-09    6.936e-16    5.393e-07    4.386e-13    3.763e-07    1.862e-02    1.800e-09    1.485e-07    2.792e-05    1.222e-22    9.530e-29    6.143e-08    1.845e-11    1.720e-08    4.339e-04    8.108e-06    1.008e-21    8.855e-18    4.401e-08    2.303e-10    8.573e-03    1.651e-06    3.971e-17    1.572e-04    3.491e-06    8.087e-01    7.294e-03    2.062e-14    1.110e-03    1.667e-03    1.817e-02    2.637e-04    1.732e-04    2.073e-18    1.395e-05    3.919e-06    3.881e-04    9.561e-06

# C/O = 30/70, metallicity = 0.005, 12+16 = 1.0
mass    01H          02H          03He         04He         06Li         07Li         09Be         10B          11B          12C          13C          14N          15N          16O          17O          18O          19F          20Ne         21Ne         22Ne         23Na         24Mg         25Mg         26Mg         27Al         28Si         29Si         30Si         31P          32S          33S          34S          36S          35Cl         37Cl         36Ar         38Ar         40Ar         39K          40K          41K          40Ca         42Ca         43Ca         44Ca         46Ca         48Ca         45Sc         46Ti         47Ti         48Ti         49Ti         50Ti         50V          51V          50Cr         52Cr         53Cr         54Cr         55Mn         54Fe         56Fe         57Fe         58Fe         59Co         58Ni         60Ni         61Ni         62Ni         64Ni         63Cu         65Cu         64Zn         66Zn
0.8     1.519e-15    8.083e-30    4.493e-17    1.599e-07    5.259e-30    8.772e-20    7.241e-30    3.616e-21    6.953e-12    8.113e-02    5.056e-07    7.457e-05    1.599e-07    3.064e-01    4.414e-05    3.118e-07    2.328e-09    6.255e-03    6.784e-06    9.670e-04    2.995e-04    5.953e-03    2.995e-04    1.361e-04    2.781e-04    2.115e-01    3.398e-04    2.253e-04    1.217e-04    1.160e-01    1.470e-04    3.613e-04    6.501e-09    2.965e-05    9.431e-06    2.092e-02    1.306e-04    9.253e-11    1.847e-05    5.470e-09    1.932e-06    1.734e-02    4.863e-06    1.584e-08    8.511e-06    7.012e-13    4.311e-19    9.793e-08    1.523e-06    8.203e-08    1.340e-04    8.511e-06    1.647e-11    2.682e-10    1.650e-05    4.198e-05    1.636e-03    1.446e-04    9.196e-10    5.951e-04    3.905e-03    2.380e-02    2.757e-04    1.061e-05    8.620e-06    2.844e-04    4.460e-05    1.122e-06    1.327e-05    7.673e-09    5.238e-07    1.626e-07    4.462e-06    6.979e-06
0.85    2.076e-21    1.924e-30    1.435e-15    1.292e-11    5.108e-30    5.310e-20    7.706e-30    1.009e-22    2.416e-12    6.971e-03    1.948e-08    2.467e-06    1.907e-08    2.448e-01    7.521e-07    8.011e-09    2.413e-10    1.013e-02    8.811e-07    3.228e-05    4.019e-05    1.378e-02    4.116e-05    7.103e-05    7.003e-04    2.713e-01    5.962e-04    5.543e-04    2.584e-04    1.510e-01    2.953e-04    5.748e-04    1.175e-08    6.351e-05    1.718e-05    2.869e-02    2.379e-04    1.878e-10    3.499e-05    1.206e-08    3.432e-06    2.543e-02    9.142e-06    2.945e-08    1.384e-05    1.327e-12    6.616e-19    1.583e-07    2.923e-06    1.198e-07    2.953e-04    1.341e-05    2.623e-11    4.895e-10    2.585e-05    5.332e-05    4.589e-03    2.717e-04    1.573e-09    1.089e-03    5.216e-03    8.148e-02    5.643e-04    3.286e-06    1.121e-05    4.072e-04    7.907e-05    6.925e-06    2.693e-05    2.027e-07    4.095e-06    1.769e-06    1.899e-05    1.499e-05
0.9     1.302e-19    2.045e-30    1.457e-15    5.225e-12    5.419e-30    4.732e-21    8.151e-30    2.513e-24    2.154e-17    2.717e-03    4.786e-11    5.997e-09    3.423e-09    1.584e-01    1.226e-09    6.739e-11    1.120e-11    3.245e-03    4.139e-08    2.575e-05    9.825e-06    6.566e-03    8.697e-06    1.749e-05    3.327e-04    2.601e-01    3.532e-04    3.111e-04    1.626e-04    1.548e-01    2.202e-04    5.006e-04    7.609e-09    5.453e-05    1.871e-05    3.124e-02    2.679e-04    1.380e-10    4.813e-05    9.669e-09    4.589e-06    2.979e-02    1.007e-05    2.433e-08    1.852e-05    9.644e-13    4.745e-19    2.518e-07    4.000e-06    1.334e-07    4.767e-04    1.761e-05    2.404e-11    4.503e-10    3.500e-05    6.219e-05    9.711e-03    4.496e-04    2.848e-09    1.870e-03    6.589e-03    2.296e-01    1.201e-03    3.870e-07    2.780e-06    5.926e-04    4.476e-05    2.861e-06    1.873e-05    1.668e-07    2.635e-06    1.532e-06    1.346e-05    1.634e-05
1.0     2.549e-12    1.370e-28    8.414e-16    3.389e-03    1.391e-29    1.321e-20    9.061e-30    2.119e-24    7.084e-18    6.960e-04    2.543e-11    1.268e-09    7.069e-10    7.519e-02    2.187e-10    1.104e-11    1.619e-12    6.311e-04    9.671e-09    5.850e-06    2.201e-06    1.559e-03    1.862e-06    3.875e-06    7.593e-05    1.863e-01    1.370e-04    9.126e-05    6.579e-05    1.163e-01    1.107e-04    3.344e-04    2.336e-09    3.529e-05    1.313e-05    2.448e-02    2.149e-04    5.939e-11    3.617e-05    6.311e-09    3.480e-06    2.408e-02    8.181e-06    1.426e-07    2.221e-05    3.322e-13    2.041e-19    1.876e-07    3.196e-06    1.513e-07    4.810e-04    1.680e-05    1.238e-11    2.607e-10    3.373e-05    5.037e-05    1.035e-02    4.697e-04    2.200e-09    2.000e-03    5.732e-03    5.306e-01    6.096e-03    5.046e-08    1.340e-04    2.141e-03    6.945e-03    1.687e-04    4.945e-04    5.226e-08    9.818e-07    1.891e-06    4.742e-05    2.150e-05
1.1     7.452e-12    4.535e-28    1.242e-17    8.156e-03    3.181e-29    6.100e-23    9.913e-30    3.658e-25    9.711e-19    5.997e-04    2.297e-11    1.061e-10    1.511e-10    2.795e-02    5.852e-12    3.126e-13    5.837e-14    8.807e-05    9.283e-10    9.225e-06    3.085e-07    2.561e-04    2.299e-07    5.375e-07    1.174e-05    1.127e-01    3.553e-05    1.840e-05    2.146e-05    7.318e-02    4.019e-05    1.353e-04    3.894e-10    1.738e-05    6.725e-06    1.608e-02    1.115e-04    1.530e-11    2.114e-05    2.693e-09    1.930e-06    1.623e-02    4.383e-06    2.910e-07    2.432e-05    6.568e-14    2.672e-20    1.257e-07    1.829e-06    1.530e-07    3.838e-04    1.298e-05    3.228e-12    9.048e-11    2.565e-05    3.350e-05    7.865e-03    3.623e-04    1.459e-09    1.497e-03    3.809e-03    7.932e-01    1.243e-02    2.951e-09    3.659e-04    4.667e-03    1.733e-02    4.371e-04    1.361e-03    1.100e-08    9.726e-07    3.705e-06    1.072e-04    3.484e-05

# C/O = 30/70, metallicity = 0.010, 12+16 = 1.0
mass    01H          02H          03He         04He         06Li         07Li         09Be         10B          11B          12C          13C          14N          15N          16O          17O          18O          19F          20Ne         21Ne         22Ne         23Na         24Mg         25Mg         26Mg         27Al         28Si         29Si         30Si         31P          32S          33S          34S          36S          35Cl         37Cl         36Ar         38Ar         40Ar         39K          40K          41K          40Ca         42Ca         43Ca         44Ca         46Ca         48Ca         45Sc         46Ti         47Ti         48Ti         49Ti         50Ti         50V          51V          50Cr         52Cr         53Cr         54Cr         55Mn         54Fe         56Fe         57Fe         58Fe         59Co         58Ni         60Ni         61Ni         62Ni         64Ni         63Cu         65Cu         64Zn         66Zn
0.8     1.482e-21    1.609e-30    2.309e-17    3.707e-12    4.811e-30    4.056e-19    7.231e-30    3.272e-21    4.826e-11    5.495e-02    9.436e-07    1.129e-04    1.058e-07    3.081e-01    8.258e-05    2.473e-07    2.694e-09    4.028e-03    9.534e-06    1.327e-03    4.047e-04    6.444e-03    4.400e-04    1.433e-04    5.462e-04    2.323e-01    6.188e-04    9.208e-04    3.544e-04    1.210e-01    3.400e-04    1.224e-03    5.039e-08    8.372e-05    2.183e-05    2.045e-02    5.575e-04    9.444e-10    5.932e-05    2.632e-08    4.751e-06    1.576e-02    2.271e-05    7.424e-08    7.315e-06    1.843e-11    2.867e-17    2.246e-07    7.760e-06    2.266e-07    9.714e-05    9.382e-06    3.195e-10    2.887e-09    2.280e-05    9.679e-05    1.231e-03    1.643e-04    7.220e-09    7.710e-04    8.004e-03    1.803e-02    3.327e-04    1.857e-05    1.276e-05    5.587e-04    9.754e-05    5.607e-06    6.887e-05    1.853e-07    4.162e-06    2.460e-06    1.753e-05    4.080e-05
0.85    5.931e-22    1.853e-30    1.131e-15    9.489e-12    5.117e-30    3.216e-19    7.691e-30    2.701e-22    7.088e-12    6.532e-03    7.463e-08    2.450e-06    8.761e-09    2.378e-01    1.093e-06    6.761e-09    2.560e-10    9.328e-03    1.389e-06    6.188e-05    5.282e-05    1.023e-02    8.661e-05    1.358e-04    8.770e-04    2.780e-01    9.056e-04    1.281e-03    4.462e-04    1.534e-01    3.826e-04    1.296e-03    6.799e-08    1.151e-04    2.144e-05    2.801e-02    4.996e-04    1.285e-09    5.520e-05    3.877e-08    4.284e-06    2.397e-02    2.010e-05    7.662e-08    1.273e-05    2.362e-11    4.449e-17    2.360e-07    6.422e-06    2.535e-07    2.556e-04    1.646e-05    3.544e-10    3.056e-09    3.831e-05    1.212e-04    4.122e-03    3.435e-04    5.126e-09    1.568e-03    1.124e-02    7.662e-02    7.492e-04    3.947e-06    1.042e-05    8.542e-04    1.160e-04    1.998e-05    9.925e-05    9.586e-07    9.636e-06    5.462e-06    2.353e-05    4.786e-05
0.9     1.448e-20    2.108e-30    1.291e-15    1.454e-11    5.414e-30    6.323e-20    8.151e-30    1.631e-22    8.740e-13    2.666e-03    1.111e-08    3.803e-07    1.900e-09    1.662e-01    1.535e-07    1.122e-09    7.952e-11    3.234e-03    4.656e-07    3.493e-05    1.689e-05    4.936e-03    2.756e-05    4.404e-05    4.275e-04    2.593e-01    5.360e-04    7.614e-04    2.920e-04    1.503e-01    2.997e-04    1.220e-03    4.562e-08    9.719e-05    2.353e-05    2.914e-02    5.969e-04    9.794e-10    7.034e-05    3.200e-08    5.498e-06    2.695e-02    2.381e-05    6.970e-08    1.654e-05    1.979e-11    4.517e-17    2.916e-07    8.761e-06    2.853e-07    4.320e-04    2.226e-05    3.541e-10    3.009e-09    5.247e-05    1.336e-04    9.047e-03    5.841e-04    8.268e-09    2.764e-03    1.370e-02    2.228e-01    1.640e-03    7.594e-07    3.230e-06    1.226e-03    7.767e-05    7.666e-06    6.604e-05    6.405e-07    5.720e-06    3.980e-06    1.509e-05    4.473e-05
1.0     6.651e-13    1.435e-29    7.894e-16    3.300e-03    6.260e-30    1.229e-20    9.053e-30    2.438e-24    3.381e-17    6.923e-04    4.407e-11    2.195e-09    2.926e-10    7.596e-02    5.343e-10    2.499e-11    2.649e-12    5.994e-04    2.497e-08    1.170e-05    2.930e-06    1.067e-03    3.929e-06    7.140e-06    9.059e-05    1.896e-01    1.782e-04    2.123e-04    1.086e-04    1.149e-01    1.435e-04    7.597e-04    1.419e-08    5.932e-05    1.751e-05    2.332e-02    4.864e-04    4.000e-10    5.893e-05    1.711e-08    4.585e-06    2.229e-02    1.946e-05    1.921e-07    2.025e-05    8.504e-12    3.181e-17    2.455e-07    7.588e-06    2.876e-07    4.395e-04    2.143e-05    1.866e-10    1.678e-09    5.115e-05    1.123e-04    9.617e-03    6.085e-04    8.267e-09    2.996e-03    1.216e-02    5.185e-01    7.364e-03    7.747e-08    2.195e-04    5.840e-03    6.575e-03    1.886e-04    9.707e-04    1.729e-07    1.770e-06    2.660e-06    3.339e-05    4.258e-05
1.1     1.795e-12    3.459e-29    1.212e-17    7.849e-03    7.409e-30    9.485e-23    9.937e-30    4.926e-25    2.035e-18    5.968e-04    9.364e-12    1.112e-10    6.257e-11    2.835e-02    1.021e-11    5.475e-13    1.126e-13    8.443e-05    2.097e-09    1.845e-05    4.220e-07    1.732e-04    4.300e-07    9.732e-07    1.357e-05    1.152e-01    4.410e-05    4.051e-05    3.287e-05    7.211e-02    5.248e-05    3.058e-04    2.171e-09    2.773e-05    9.135e-06    1.529e-02    2.515e-04    9.796e-11    3.325e-05    6.485e-09    2.548e-06    1.503e-02    1.026e-05    3.380e-07    2.207e-05    2.174e-12    1.153e-17    1.586e-07    4.284e-06    2.519e-07    3.538e-04    1.659e-05    4.420e-11    5.054e-10    3.947e-05    7.585e-05    7.365e-03    4.680e-04    5.835e-09    2.269e-03    8.204e-03    7.789e-01    1.447e-02    9.384e-09    5.686e-04    1.209e-02    1.617e-02    4.785e-04    2.470e-03    4.069e-08    1.303e-06    4.118e-06    7.281e-05    6.003e-05

# C/O = 30/70, metallicity = 0.020, 12+16 = 1.0
mass    01H          02H          03He         04He         06Li         07Li         09Be         10B          11B          12C          13C          14N          15N          16O          17O          18O          19F          20Ne         21Ne         22Ne         23Na         24Mg         25Mg         26Mg         27Al         28Si         29Si         30Si         31P          32S          33S          34S          36S          35Cl         37Cl         36Ar         38Ar         40Ar         39K          40K          41K          40Ca         42Ca         43Ca         44Ca         46Ca         48Ca         45Sc         46Ti         47Ti         48Ti         49Ti         50Ti         50V          51V          50Cr         52Cr         53Cr         54Cr         55Mn         54Fe         56Fe         57Fe         58Fe         59Co         58Ni         60Ni         61Ni         62Ni         64Ni         63Cu         65Cu         64Zn         66Zn
0.8     1.431e-16    2.000e-30    3.154e-17    1.216e-07    4.822e-30    1.296e-18    7.235e-30    3.781e-21    1.765e-10    4.949e-02    1.782e-06    1.662e-04    1.514e-07    2.914e-01    1.220e-04    2.912e-07    5.239e-09    5.503e-03    2.204e-05    2.403e-03    6.628e-04    4.636e-03    8.144e-04    4.122e-04    6.636e-04    2.491e-01    1.023e-03    2.185e-03    6.016e-04    1.217e-01    4.316e-04    2.414e-03    3.606e-07    1.185e-04    2.453e-05    1.846e-02    8.046e-04    9.177e-09    7.123e-05    7.301e-08    4.644e-06    1.293e-02    3.010e-05    1.493e-07    5.547e-06    3.839e-10    3.909e-15    3.093e-07    1.066e-05    3.512e-07    5.924e-05    9.413e-06    1.910e-09    6.844e-09    2.989e-05    2.372e-04    7.902e-04    1.752e-04    2.508e-08    9.446e-04    1.765e-02    1.161e-02    3.823e-04    5.819e-05    3.542e-05    1.162e-03    1.447e-04    1.813e-05    2.309e-04    3.844e-07    7.088e-06    1.168e-05    1.600e-05    7.188e-05
0.85    2.047e-21    2.132e-30    9.242e-16    6.355e-12    5.119e-30    1.092e-18    7.697e-30    4.159e-22    1.448e-11    6.177e-03    1.729e-07    2.623e-06    4.425e-09    2.343e-01    1.380e-06    6.276e-09    4.872e-10    8.195e-03    3.053e-06    1.375e-04    7.839e-05    6.765e-03    1.823e-04    2.666e-04    9.634e-04    2.833e-01    1.587e-03    2.776e-03    7.467e-04    1.488e-01    4.977e-04    2.914e-03    6.164e-07    2.065e-04    3.035e-05    2.517e-02    1.136e-03    1.439e-08    9.599e-05    1.379e-07    6.078e-06    2.041e-02    4.447e-05    1.751e-07    1.060e-05    4.343e-10    7.192e-15    3.590e-07    1.505e-05    4.908e-07    2.098e-04    1.901e-05    1.792e-09    6.475e-09    5.365e-05    2.785e-04    3.603e-03    4.207e-04    2.734e-08    2.163e-03    2.315e-02    7.177e-02    9.769e-04    5.312e-06    1.385e-05    1.714e-03    1.909e-04    4.861e-05    2.881e-04    1.556e-06    1.166e-05    1.698e-05    1.584e-05    6.991e-05
0.9     1.651e-21    5.610e-30    1.166e-15    4.227e-12    5.420e-30    4.281e-21    8.168e-30    4.153e-24    1.640e-15    2.688e-03    4.099e-10    2.582e-08    5.242e-10    1.667e-01    1.117e-08    3.151e-10    3.804e-11    2.877e-03    3.446e-07    1.030e-04    1.853e-05    3.235e-03    4.456e-05    6.984e-05    4.679e-04    2.625e-01    8.848e-04    1.709e-03    4.897e-04    1.440e-01    3.897e-04    2.712e-03    3.959e-07    1.645e-04    3.130e-05    2.611e-02    1.289e-03    1.044e-08    1.082e-04    1.040e-07    7.003e-06    2.319e-02    5.093e-05    1.607e-07    1.412e-05    3.756e-10    7.534e-15    3.869e-07    1.843e-05    5.657e-07    3.733e-04    2.717e-05    1.897e-09    6.668e-09    7.553e-05    2.976e-04    8.142e-03    7.475e-04    3.390e-08    3.978e-03    2.823e-02    2.128e-01    2.255e-03    8.918e-07    5.426e-06    2.549e-03    1.395e-04    1.910e-05    1.928e-04    9.458e-07    6.993e-06    1.157e-05    1.046e-05    6.099e-05
1.0     1.928e-13    3.734e-30    7.274e-16    3.127e-03    6.016e-30    1.124e-20    9.037e-30    3.172e-24    3.431e-16    6.840e-04    1.312e-10    4.343e-09    1.055e-10    7.621e-02    1.625e-09    4.721e-11    7.872e-12    5.482e-04    7.259e-08    2.339e-05    4.226e-06    6.980e-04    8.151e-06    1.463e-05    9.976e-05    1.927e-01    2.688e-04    4.980e-04    1.794e-04    1.093e-01    1.875e-04    1.646e-03    1.222e-07    9.405e-05    2.337e-05    2.091e-02    1.038e-03    3.845e-09    8.889e-05    4.625e-08    5.821e-06    1.928e-02    4.128e-05    2.402e-07    1.724e-05    1.602e-10    4.447e-15    3.070e-07    1.574e-05    5.360e-07    3.814e-04    2.647e-05    1.101e-09    4.100e-09    7.387e-05    2.488e-04    8.580e-03    7.768e-04    3.405e-08    4.340e-03    2.504e-02    5.006e-01    9.522e-03    1.866e-07    3.256e-04    1.371e-02    6.022e-03    2.210e-04    1.877e-03    2.591e-07    2.627e-06    4.905e-06    2.503e-05    6.511e-05
1.1     4.869e-13    5.156e-30    9.487e-18    7.233e-03    6.619e-30    7.427e-23    9.924e-30    7.107e-25    6.682e-18    5.899e-04    8.743e-12    1.281e-10    2.230e-11    2.840e-02    1.906e-11    8.395e-13    2.343e-13    7.750e-05    4.615e-09    3.690e-05    6.071e-07    1.182e-04    7.581e-07    1.709e-06    1.519e-05    1.179e-01    6.389e-05    9.767e-05    5.352e-05    6.869e-02    7.107e-05    6.722e-04    2.308e-08    4.292e-05    1.240e-05    1.376e-02    5.316e-04    9.472e-10    4.875e-05    1.548e-08    3.232e-06    1.310e-02    2.119e-05    3.271e-07    1.834e-05    3.510e-11    1.672e-15    1.879e-07    8.670e-06    4.079e-07    3.071e-04    2.067e-05    2.924e-10    1.490e-09    5.743e-05    1.693e-04    6.581e-03    5.999e-04    2.549e-08    3.322e-03    1.709e-02    7.540e-01    1.806e-02    3.966e-08    8.128e-04    2.761e-02    1.425e-02    5.364e-04    4.447e-03    6.323e-08    2.243e-06    4.745e-06    5.181e-05    9.741e-05