#                                                                                         ---------------- sfr-law ---------------- -------------------- Zwind --------------------- ----------------- sfr-exp ----------------- ------------------------------- variable-sfr ------------------------------
#dSph       RA       Dec (m-M)0 err        L     Lerr    M/L upp low   M* vdsp err Rc err A_in tau_in A_out SFR_norm SFR_exp M_init A_in tau_in A_out SFR_norm SFR_exp  M_init Z_enh  A_in tau_in A_out SFR_norm tau_SFR M_init  A_in tau_in A_out M_init SFR1 SFR2 SFR3 SFR4 SFR5 SFR6 SFR7 SFR8 SFR9SFR10
for   02:39:59 -34:26:57 20.72 0.04 1.82E+07 5.07E+06    8.7 2.8 2.3 7.27 10.7 0.2 714 40 4500.0  0.36   2.00  5.00    0.98   30.00  5162.5  0.25   1.05 3185.22  0.57    0.00 0.000 100.0    0.5  40.0      0.1     0.1   10.0 100.0    0.5  40.0   10.0  1.0  1.0  0.2  0.3  0.5  0.7  1.0  0.0  0.0  0.0
leoi  10:08:28 +12:18:23 22.02 0.13 5.60E+06 1.69E+06    8.8 3.4 2.4 6.66  9.0 0.4 295 49 2479.9  0.39   3.92  3.71    0.86    0.00  2479.9  0.39   3.92  3.71    0.86    0.00 0.000 100.0    0.5  40.0      0.1     0.1   10.0 100.0    0.5  40.0   10.0  1.0  1.0  0.2  0.3  0.5  0.7  1.0  0.0  0.0  0.0
scl   01:00:09 -33:42:32 19.67 0.12 2.29E+06 1.08E+06   18   6   5   6.08  9.0 0.2 282 41 2698.8  0.27   5.37  4.46    0.85    0.00  2698.8  0.27   5.37  4.46    0.85    0.00 0.000 100.0    0.5  40.0      0.1     0.1   10.0 100.0    0.5  40.0   10.0  1.0  1.0  0.2  0.3  0.5  0.7  1.0  0.0  0.0  0.0
leoii 11:13:29 +22:09:12 21.70 0.10 6.61E+05 1.92E+05   19   7   6   6.16  6.6 0.5 177 13  456.3  0.42   6.65 16.41    0.73    0.00   456.3  0.42   6.65 16.41    0.73    0.00 0.000 100.0    0.5  40.0      0.1     0.1   10.0 100.0    0.5  40.0   10.0  1.0  1.0  0.2  0.3  0.5  0.7  1.0  0.0  0.0  0.0
sex   10:13:03 -01:36:52 19.90 0.06 4.13E+05 1.16E+05  120   40  35  5.93  7.1 0.3 768 47 1167.4  0.22   9.64 154.00   0.59    2.27  1038.0  0.25   9.81 619.43   0.50    0.00 0.000 100.0    0.5  40.0      0.1     0.1   10.0 100.0    0.5  40.0   10.0  1.0  1.0  0.2  0.3  0.5  0.7  1.0  0.0  0.0  0.0
dra   17:20:19 +57:54:48 19.84 0.14 2.70E+05 4.00E+04  200   80  60  5.96 10.1 0.5 220 11  616.9  0.25   9.33 30.23    0.68    0.00   616.9  0.25   9.33 30.23    0.68    0.00 0.000 100.0    0.5  40.0      0.1     0.1   10.0 100.0    0.5  40.0   10.0  1.0  1.0  0.2  0.3  0.5  0.7  1.0  0.0  0.0  0.0
cvni  13:28:04 +33:33:21 21.62 0.06 2.30E+05 4.00E+04  240   75  65  5.8   7.6 0.5 546 36  669.2  0.21   8.83 2973.46  0.36    0.00   669.2  0.21   8.83 2973.46  0.36    0.00 0.000 100.0    0.5  40.0      0.1     0.1   10.0 100.0    0.5  40.0   10.0  1.0  1.0  0.2  0.3  0.5  0.7  1.0  0.0  0.0  0.0
umi   15:09:11 +67:12:52 19.18 0.12 2.23E+05 6.63E+04  290   140 90  5.75 11.5 0.6 445 44  502.8  0.28  10.70  0.23    1.01    0.72   541.1  0.27  10.88  0.24    1.01    0.72 0.000 100.0    0.5  40.0      0.1     0.1   10.0 100.0    0.5  40.0   10.0  1.0  1.0  0.2  0.3  0.5  0.7  1.0  0.0  0.0  0.0
mw    00:00:00  00:00:00  5.00 0.00 0.0      0.0      9999.9 999 999 9.99 99.9 9.9 999 99   1d4   3.0    0.54  0.148   1.00    0.     541.1  0.27  10.88  0.24    1.01    0.72 0.000 100.0    0.5  40.0      0.1     0.1   10.0 100.0    0.5  40.0   10.0  1.0  1.0  0.2  0.3  0.5  0.7  1.0  0.0  0.0  0.0
