Star   [Fe/H] [Fe/H]err   [O1/Fe] [O1/Fe]err  [Na/Fe] [Na/Fe]err  [Mg/Fe] [Mg/Fe]err  [Si/Fe] [Si/Fe]err  [Ca/Fe] [Ca/Fe]err  [Ti1/Fe] [Ti1/Fe]err [Ti2/Fe] [Ti2/Fe]err [Sc/Fe] [Sc/Fe]err [Fe2/Fe] [Fe2/Fe]err  [Cr/Fe] [Cr/Fe]err [Ni/Fe] [Ni/Fe]err  [Co/Fe] [Co/Fe]err  [Zn/Fe] [Zn/Fe]err  [Y/Fe] [Y/Fe]err  [Ba/Fe] [Ba/Fe]err  [La/Fe] [La/Fe]err  [Nd/Fe] [Nd/Fe]err  [Eu/Fe] [Eu/Fe]err
ET0009  -1.68  0.16 -99.00  9.90 -99.00  9.90   0.57  0.22 -99.00  9.90   0.20  0.07   0.02  0.11   0.10  0.26 -99.00  9.90   0.06  0.28  -0.09  0.15  -0.02  0.15   0.10  0.18 -99.00  9.90 -99.00  9.90  -0.22  0.22   0.15  0.22 -99.00  9.90   0.31  0.28
ET0013  -1.68  0.21 -99.00  9.90 -99.00  9.90   0.53  0.27 -99.00  9.90   0.28  0.10   0.09  0.18   0.67  0.29 -99.00  9.90   0.13  0.35  -0.07  0.18 -99.00  9.90 -99.00  9.90 -99.00  9.90 -99.00  9.90  -0.29  0.32 -99.00  9.90 -99.00  9.90 -99.00  9.90
ET0024  -1.24  0.10  -0.10  0.20  -0.55  0.21 -99.00  9.90 -99.00  9.90   0.00  0.14  -0.05  0.14  -0.23  0.23  -0.61  0.22   0.17  0.29  -0.26  0.22  -0.39  0.13  -0.07  0.18 -99.00  9.90 -99.00  9.90 -99.00  9.90  -0.30  0.16 -99.00  9.90  -0.17  0.22
ET0026  -1.80  0.16 -99.00  9.90 -99.00  9.90   0.44  0.19 -99.00  9.90   0.07  0.06  -0.09  0.12   0.03  0.22 -99.00  9.90   0.07  0.25  -0.32  0.15  -0.07  0.19  -0.12  0.16 -99.00  9.90 -99.00  9.90  -0.24  0.21 -99.00  9.90 -99.00  9.90 -99.00  9.90
ET0027  -1.50  0.13 -99.00  9.90 -99.00  9.90   0.12  0.15 -99.00  9.90  -0.06  0.04  -0.22  0.14  -0.15  0.20  -0.48  0.21   0.06  0.25  -0.25  0.14  -0.18  0.10 -99.00  9.90 -99.00  9.90 -99.00  9.90  -0.19  0.19  -0.33  0.17 -99.00  9.90 -99.00  9.90
ET0028  -1.22  0.11 -99.00  9.90 -99.00  9.90  -0.09  0.14 -99.00  9.90   0.03  0.07  -0.18  0.14  -0.23  0.16  -0.69  0.19   0.06  0.28  -0.20  0.14  -0.19  0.09   0.02  0.14 -99.00  9.90 -99.00  9.90  -0.17  0.18  -0.29  0.15 -99.00  9.90 -99.00  9.90
ET0031  -1.68  0.17   0.26  0.23 -99.00  9.90   0.51  0.18 -99.00  9.90   0.22  0.06   0.19  0.09   0.16  0.23  -0.06  0.25   0.07  0.25  -0.06  0.13   0.06  0.16   0.07  0.15 -99.00  9.90 -99.00  9.90 -99.00  9.90   0.23  0.23 -99.00  9.90   0.57  0.24
ET0033  -1.77  0.16   0.30  0.23 -99.00  9.90   0.27  0.15 -99.00  9.90   0.10  0.08  -0.13  0.11  -0.02  0.23 -99.00  9.90   0.07  0.29  -0.43  0.13   0.08  0.13  -0.23  0.14 -99.00  9.90 -99.00  9.90   0.11  0.20   0.23  0.24 -99.00  9.90 -99.00  9.90
ET0035  -1.95  0.23 -99.00  9.90 -99.00  9.90   0.77  0.31 -99.00  9.90   0.32  0.10   0.22  0.30  -0.11  0.31   0.03  0.41   0.10  0.33  -0.19  0.29 -99.00  9.90 -99.00  9.90 -99.00  9.90 -99.00  9.90  -0.58  0.35 -99.00  9.90 -99.00  9.90 -99.00  9.90
ET0039  -2.10  0.25 -99.00  9.90 -99.00  9.90   0.52  0.30 -99.00  9.90   0.32  0.13 -99.00  9.90   0.11  0.29 -99.00  9.90   0.11  0.32  -0.29  0.30 -99.00  9.90 -99.00  9.90 -99.00  9.90 -99.00  9.90   0.59  0.40 -99.00  9.90 -99.00  9.90 -99.00  9.90
ET0043  -1.24  0.16  -0.08  0.24 -99.00  9.90  -0.20  0.19 -99.00  9.90   0.01  0.09  -0.26  0.11   0.02  0.22  -0.37  0.26   0.05  0.29  -0.14  0.14  -0.10  0.24 -99.00  9.90 -99.00  9.90 -99.00  9.90   0.07  0.22  -0.17  0.20 -99.00  9.90   0.21  0.26
ET0048  -1.90  0.19 -99.00  9.90 -99.00  9.90   0.58  0.16 -99.00  9.90   0.25  0.07   0.09  0.14   0.12  0.23  -0.17  0.26   0.07  0.26  -0.24  0.17   0.34  0.14   0.02  0.14 -99.00  9.90 -99.00  9.90   0.13  0.21 -99.00  9.90 -99.00  9.90   0.52  0.25
ET0051  -0.92  0.12  -0.27  0.25 -99.00  9.90  -0.01  0.23  -0.14  0.24  -0.10  0.14  -0.34  0.17  -0.25  0.23  -0.59  0.26   0.12  0.31  -0.41  0.25  -0.36  0.16   0.06  0.21 -99.00  9.90 -99.00  9.90 -99.00  9.90  -0.40  0.18  -0.39  0.25   0.08  0.25
ET0054  -1.81  0.16 -99.00  9.90 -99.00  9.90   0.35  0.17 -99.00  9.90   0.16  0.06  -0.03  0.12   0.16  0.23  -0.08  0.25   0.07  0.26  -0.14  0.12   0.19  0.15  -0.03  0.15 -99.00  9.90 -99.00  9.90  -0.16  0.20 -99.00  9.90 -99.00  9.90   0.48  0.24
ET0057  -1.33  0.13 -99.00  9.90 -99.00  9.90   0.13  0.15 -99.00  9.90   0.03  0.09  -0.15  0.10  -0.09  0.17  -0.45  0.20   0.06  0.25  -0.18  0.15  -0.25  0.15  -0.12  0.13 -99.00  9.90 -99.00  9.90  -0.14  0.17  -0.13  0.15 -99.00  9.90   0.19  0.19
ET0059  -1.53  0.16 -99.00  9.90 -99.00  9.90   0.06  0.16 -99.00  9.90   0.01  0.06  -0.30  0.10  -0.30  0.21  -0.42  0.24   0.09  0.27  -0.12  0.13  -0.04  0.12  -0.18  0.14 -99.00  9.90 -99.00  9.90  -0.17  0.21  -0.20  0.19 -99.00  9.90   0.17  0.24
ET0060  -1.56  0.15 -99.00  9.90 -99.00  9.90   0.45  0.12 -99.00  9.90   0.23  0.07  -0.14  0.09   0.03  0.27 -99.00  9.90   0.05  0.25   0.16  0.22  -0.03  0.13  -0.12  0.10 -99.00  9.90 -99.00  9.90  -0.05  0.21  -0.26  0.21 -99.00  9.90   0.24  0.22
ET0062  -2.27  0.18 -99.00  9.90 -99.00  9.90   0.67  0.17 -99.00  9.90   0.39  0.07   0.28  0.34   0.30  0.26 -99.00  9.90   0.12  0.26  -0.15  0.26   0.51  0.17 -99.00  9.90 -99.00  9.90 -99.00  9.90  -0.31  0.22 -99.00  9.90 -99.00  9.90 -99.00  9.90
ET0063  -1.18  0.19 -99.00  9.90 -99.00  9.90   0.13  0.24 -99.00  9.90   0.00  0.10  -0.20  0.17  -0.30  0.23 -99.00  9.90   0.11  0.28  -0.21  0.26  -0.20  0.20  -0.02  0.22 -99.00  9.90 -99.00  9.90  -0.12  0.23  -0.35  0.24  -0.27  0.25   0.36  0.28
ET0064  -1.38  0.14 -99.00  9.90 -99.00  9.90   0.14  0.15 -99.00  9.90   0.07  0.06  -0.21  0.12  -0.08  0.19  -0.44  0.21   0.06  0.24  -0.09  0.13 -99.00  9.90  -0.14  0.12 -99.00  9.90 -99.00  9.90  -0.01  0.16  -0.14  0.16 -99.00  9.90   0.18  0.20
ET0066  -1.30  0.14 -99.00  9.90 -99.00  9.90   0.15  0.14 -99.00  9.90   0.00  0.07  -0.23  0.11  -0.28  0.18  -0.45  0.22   0.03  0.25  -0.23  0.13  -0.12  0.12  -0.40  0.14 -99.00  9.90 -99.00  9.90   0.00  0.22  -0.22  0.17 -99.00  9.90   0.05  0.21
ET0067  -1.65  0.16 -99.00  9.90 -99.00  9.90   0.28  0.17 -99.00  9.90   0.29  0.06   0.04  0.11   0.18  0.21 -99.00  9.90   0.04  0.26  -0.08  0.13  -0.06  0.13  -0.22  0.16 -99.00  9.90 -99.00  9.90   0.39  0.23   0.27  0.20   0.38  0.19   0.80  0.24
ET0069  -2.11  0.20 -99.00  9.90 -99.00  9.90   0.57  0.21 -99.00  9.90   0.34  0.09   0.36  0.19   0.10  0.24 -99.00  9.90   0.04  0.28  -0.18  0.22 -99.00  9.90 -99.00  9.90 -99.00  9.90 -99.00  9.90   0.07  0.26 -99.00  9.90 -99.00  9.90 -99.00  9.90
ET0071  -1.35  0.14 -99.00  9.90  -0.21  0.16   0.00  0.16 -99.00  9.90   0.13  0.08  -0.15  0.11  -0.29  0.28 -99.00  9.90   0.08  0.25  -0.29  0.15  -0.24  0.12 -99.00  9.90 -99.00  9.90 -99.00  9.90   0.06  0.18 -99.00  9.90 -99.00  9.90 -99.00  9.90
ET0073  -1.53  0.17 -99.00  9.90 -99.00  9.90   0.33  0.16 -99.00  9.90   0.25  0.03  -0.06  0.11   0.09  0.21  -0.19  0.25   0.07  0.25  -0.08  0.12  -0.10  0.13   0.03  0.15 -99.00  9.90 -99.00  9.90   0.18  0.21   0.11  0.20 -99.00  9.90   0.46  0.24
ET0083  -1.97  0.18 -99.00  9.90 -99.00  9.90   0.54  0.15 -99.00  9.90   0.22  0.04   0.11  0.11  -0.01  0.26 -99.00  9.90   0.03  0.26  -0.22  0.22 -99.00  9.90  -0.07  0.13 -99.00  9.90 -99.00  9.90  -0.06  0.20 -99.00  9.90 -99.00  9.90 -99.00  9.90
ET0094  -1.86  0.15 -99.00  9.90 -99.00  9.90   0.64  0.18 -99.00  9.90   0.14  0.05   0.04  0.11   0.07  0.23  -0.05  0.26   0.10  0.29  -0.40  0.14 -99.00  9.90  -0.01  0.17 -99.00  9.90 -99.00  9.90  -0.31  0.20 -99.00  9.90 -99.00  9.90 -99.00  9.90
ET0095  -2.16  0.20   0.35  0.22 -99.00  9.90   0.57  0.12 -99.00  9.90   0.19  0.07  -0.02  0.11   0.09  0.24  -0.10  0.23   0.09  0.28  -0.08  0.15   0.25  0.10   0.02  0.08 -99.00  9.90 -99.00  9.90  -0.09  0.21 -99.00  9.90 -99.00  9.90 -99.00  9.90
ET0097  -1.91  0.16 -99.00  9.90 -99.00  9.90   0.19  0.16   0.72  0.18   0.24  0.06   0.09  0.10   0.05  0.24 -99.00  9.90   0.07  0.26  -0.10  0.12  -0.04  0.11  -0.04  0.15 -99.00  9.90 -99.00  9.90  -0.07  0.19   0.24  0.20 -99.00  9.90 -99.00  9.90
ET0103  -1.21  0.13 -99.00  9.90 -99.00  9.90   0.07  0.19   0.05  0.17  -0.02  0.07  -0.10  0.14  -0.31  0.21  -0.37  0.23   0.06  0.23  -0.37  0.21  -0.31  0.14   0.02  0.22 -99.00  9.90 -99.00  9.90   0.04  0.21  -0.18  0.18   0.05  0.18   0.05  0.23
ET0104  -1.62  0.17   0.33  0.21 -99.00  9.90   0.37  0.15 -99.00  9.90   0.25  0.07   0.00  0.08   0.09  0.21  -0.22  0.24   0.06  0.27  -0.07  0.13   0.15  0.16   0.08  0.13 -99.00  9.90 -99.00  9.90   0.30  0.19   0.02  0.19   0.44  0.22   0.63  0.23
ET0109  -1.85  0.11 -99.00  9.90 -99.00  9.90   0.55  0.14 -99.00  9.90   0.15  0.06   0.02  0.14   0.11  0.19  -0.19  0.19   0.26  0.23  -0.26  0.16   0.01  0.09   0.09  0.13 -99.00  9.90 -99.00  9.90 -99.00  9.90  -0.12  0.16 -99.00  9.90   0.60  0.19
ET0113  -2.18  0.19 -99.00  9.90 -99.00  9.90   0.45  0.14 -99.00  9.90   0.23  0.07  -0.06  0.13   0.13  0.24 -99.00  9.90   0.09  0.29  -0.19  0.29 -99.00  9.90 -99.00  9.90 -99.00  9.90 -99.00  9.90  -0.07  0.21 -99.00  9.90 -99.00  9.90 -99.00  9.90
ET0121  -2.35  0.20 -99.00  9.90 -99.00  9.90   0.41  0.17 -99.00  9.90   0.31  0.10 -99.00  9.90   0.12  0.25 -99.00  9.90   0.10  0.30  -0.37  0.15 -99.00  9.90   0.40  0.15 -99.00  9.90 -99.00  9.90  -0.67  0.23 -99.00  9.90 -99.00  9.90 -99.00  9.90
ET0126  -1.11  0.16 -99.00  9.90 -99.00  9.90  -0.12  0.19 -99.00  9.90  -0.14  0.10  -0.36  0.15  -0.16  0.20 -99.00  9.90   0.07  0.28  -0.18  0.21  -0.33  0.15  -0.02  0.17 -99.00  9.90 -99.00  9.90  -0.06  0.17  -0.39  0.20  -0.10  0.21   0.35  0.23
ET0132  -1.50  0.15 -99.00  9.90 -99.00  9.90   0.20  0.15 -99.00  9.90   0.15  0.06  -0.06  0.12   0.04  0.19  -0.27  0.23   0.03  0.27  -0.14  0.20  -0.21  0.12  -0.07  0.13 -99.00  9.90 -99.00  9.90   0.32  0.18   0.10  0.18   0.20  0.22   0.68  0.22
ET0133  -1.07  0.15  -0.19  0.21 -99.00  9.90  -0.08  0.18   0.09  0.22   0.03  0.10  -0.26  0.15  -0.26  0.17  -0.38  0.23   0.08  0.26  -0.23  0.21  -0.30  0.23   0.00  0.17 -99.00  9.90 -99.00  9.90 -99.00  9.90  -0.32  0.19 -99.00  9.90   0.18  0.23
ET0137  -0.89  0.18  -0.27  0.25  -0.83  0.27  -0.07  0.21 -99.00  9.90  -0.10  0.14  -0.30  0.17  -0.25  0.22  -0.61  0.26   0.10  0.29  -0.30  0.23  -0.33  0.19   0.10  0.20 -99.00  9.90 -99.00  9.90 -99.00  9.90  -0.31  0.17  -0.41  0.25  -0.22  0.26
ET0138  -1.70  0.15   0.14  0.21 -99.00  9.90   0.30  0.16 -99.00  9.90   0.18  0.06   0.07  0.10   0.00  0.19 -99.00  9.90   0.03  0.23  -0.32  0.12   0.04  0.12   0.15  0.14 -99.00  9.90 -99.00  9.90  -0.26  0.18   0.12  0.19 -99.00  9.90   0.50  0.23
ET0139  -1.41  0.11 -99.00  9.90 -99.00  9.90   0.02  0.21 -99.00  9.90  -0.02  0.07  -0.18  0.13  -0.24  0.25  -0.34  0.25   0.12  0.26  -0.20  0.23  -0.32  0.16   0.00  0.19 -99.00  9.90 -99.00  9.90  -0.26  0.24  -0.28  0.22 -99.00  9.90   0.22  0.25
ET0141  -1.68  0.15 -99.00  9.90 -99.00  9.90   0.45  0.19 -99.00  9.90   0.19  0.06  -0.14  0.13  -0.01  0.20  -0.28  0.26   0.06  0.24  -0.04  0.16   0.04  0.14  -0.06  0.18 -99.00  9.90 -99.00  9.90   0.10  0.21   0.05  0.21 -99.00  9.90   0.56  0.25
ET0147  -1.15  0.16  -0.19  0.32 -99.00  9.90   0.01  0.24 -99.00  9.90  -0.03  0.12  -0.11  0.15   0.11  0.25 -99.00  9.90   0.20  0.34   0.08  0.24  -0.21  0.17  -0.16  0.22 -99.00  9.90 -99.00  9.90  -0.28  0.31 -99.00  9.90 -99.00  9.90 -99.00  9.90
ET0150  -0.93  0.11 -99.00  9.90 -99.00  9.90  -0.29  0.19 -99.00  9.90   0.02  0.10  -0.40  0.14  -0.11  0.17  -0.64  0.22   0.01  0.25  -0.20  0.22  -0.38  0.16  -0.11  0.19 -99.00  9.90 -99.00  9.90  -0.15  0.16  -0.34  0.15 -99.00  9.90  -0.04  0.22
ET0151  -1.77  0.16 -99.00  9.90 -99.00  9.90   0.34  0.15 -99.00  9.90   0.31  0.05   0.02  0.10   0.11  0.22  -0.06  0.24   0.07  0.26  -0.06  0.17   0.02  0.10  -0.04  0.14 -99.00  9.90 -99.00  9.90  -0.08  0.27   0.06  0.19 -99.00  9.90   0.55  0.24
ET0158  -1.80  0.21 -99.00  9.90 -99.00  9.90   0.34  0.21 -99.00  9.90   0.17  0.08   0.14  0.30   0.15  0.25 -99.00  9.90   0.03  0.27   0.14  0.24 -99.00  9.90  -0.04  0.20 -99.00  9.90 -99.00  9.90   0.36  0.27 -99.00  9.90 -99.00  9.90 -99.00  9.90
ET0160  -1.16  0.14  -0.18  0.19 -99.00  9.90  -0.05  0.17 -99.00  9.90   0.03  0.10  -0.24  0.13  -0.08  0.20  -0.30  0.22   0.12  0.29  -0.22  0.17  -0.15  0.15  -0.24  0.12 -99.00  9.90 -99.00  9.90   0.05  0.17  -0.19  0.18 -99.00  9.90   0.22  0.23
ET0163  -1.86  0.21 -99.00  9.90 -99.00  9.90   0.36  0.17 -99.00  9.90   0.15  0.10 -99.00  9.90   0.06  0.28 -99.00  9.90   0.08  0.33   0.16  0.21 -99.00  9.90 -99.00  9.90 -99.00  9.90 -99.00  9.90   0.04  0.26 -99.00  9.90 -99.00  9.90 -99.00  9.90
ET0164  -1.89  0.22 -99.00  9.90 -99.00  9.90   0.27  0.19 -99.00  9.90   0.29  0.11   0.23  0.13   0.17  0.29 -99.00  9.90   0.13  0.35  -0.12  0.20   0.28  0.19   0.13  0.18 -99.00  9.90 -99.00  9.90  -0.04  0.29 -99.00  9.90 -99.00  9.90 -99.00  9.90
ET0165  -1.10  0.17 -99.00  9.90 -99.00  9.90   0.02  0.21   0.08  0.24  -0.05  0.07  -0.19  0.13  -0.26  0.20  -0.37  0.26   0.12  0.27  -0.14  0.17  -0.28  0.20 -99.00  9.90 -99.00  9.90 -99.00  9.90   0.02  0.21  -0.17  0.19   0.09  0.23 -99.00  9.90
ET0166  -1.49  0.15 -99.00  9.90   0.09  0.21   0.30  0.16 -99.00  9.90   0.16  0.05   0.06  0.10   0.09  0.21 -99.00  9.90   0.07  0.27  -0.11  0.15   0.04  0.11  -0.04  0.13 -99.00  9.90 -99.00  9.90  -0.03  0.20   0.06  0.18 -99.00  9.90   0.45  0.22
ET0168  -1.10  0.17  -0.17  0.28 -99.00  9.90  -0.18  0.22 -99.00  9.90   0.09  0.09  -0.36  0.15  -0.03  0.31 -99.00  9.90   0.06  0.29  -0.31  0.17  -0.25  0.22  -0.18  0.20 -99.00  9.90 -99.00  9.90   0.13  0.23  -0.21  0.23 -99.00  9.90   0.22  0.28
ET0173  -1.47  0.10 -99.00  9.90 -99.00  9.90   0.19  0.18 -99.00  9.90  -0.01  0.10  -0.33  0.15  -0.05  0.16 -99.00  9.90   0.28  0.27  -0.42  0.21  -0.25  0.14   0.22  0.15 -99.00  9.90 -99.00  9.90 -99.00  9.90  -0.26  0.14  -0.07  0.17   0.41  0.21
ET0198  -1.16  0.17 -99.00  9.90 -99.00  9.90   0.02  0.19 -99.00  9.90  -0.12  0.07  -0.23  0.11  -0.19  0.27 -99.00  9.90   0.08  0.27  -0.06  0.15  -0.16  0.20  -0.26  0.17 -99.00  9.90 -99.00  9.90   0.15  0.19  -0.22  0.21 -99.00  9.90 -99.00  9.90
ET0200  -1.49  0.19 -99.00  9.90 -99.00  9.90   0.20  0.23 -99.00  9.90   0.16  0.07  -0.03  0.12   0.12  0.25 -99.00  9.90   0.13  0.30  -0.18  0.15   0.40  0.22  -0.09  0.19 -99.00  9.90 -99.00  9.90   0.18  0.38   0.22  0.24 -99.00  9.90   0.72  0.30
ET0202  -1.32  0.19 -99.00  9.90 -99.00  9.90   0.09  0.32   0.36  0.24   0.19  0.08  -0.06  0.14   0.02  0.25 -99.00  9.90   0.11  0.29  -0.21  0.17  -0.12  0.19 -99.00  9.90 -99.00  9.90 -99.00  9.90  -0.29  0.31   0.20  0.30 -99.00  9.90 -99.00  9.90
ET0206  -1.33  0.17 -99.00  9.90 -99.00  9.90   0.12  0.19 -99.00  9.90   0.10  0.09  -0.14  0.13   0.06  0.28 -99.00  9.90   0.06  0.26  -0.09  0.14  -0.28  0.15  -0.22  0.18 -99.00  9.90 -99.00  9.90   0.02  0.22   0.03  0.21 -99.00  9.90   0.50  0.27
ET0232  -1.00  0.18 -99.00  9.90 -99.00  9.90  -0.10  0.17  -0.06  0.19   0.02  0.07  -0.31  0.13  -0.35  0.26  -0.55  0.26   0.00  0.27  -0.18  0.13  -0.22  0.15  -0.36  0.15 -99.00  9.90 -99.00  9.90   0.07  0.22  -0.22  0.22 -99.00  9.90 -99.00  9.90
ET0236  -2.41  0.21 -99.00  9.90 -99.00  9.90   0.42  0.22 -99.00  9.90   0.29  0.12 -99.00  9.90   0.09  0.33 -99.00  9.90   0.10  0.38  -0.39  0.20 -99.00  9.90 -99.00  9.90 -99.00  9.90 -99.00  9.90  -0.52  0.30 -99.00  9.90 -99.00  9.90 -99.00  9.90
ET0237  -1.61  0.18   0.26  0.31 -99.00  9.90   0.34  0.24 -99.00  9.90   0.35  0.08   0.17  0.11   0.19  0.46 -99.00  9.90   0.09  0.26   0.09  0.27   0.13  0.24  -0.09  0.24 -99.00  9.90 -99.00  9.90  -0.11  0.25 -99.00  9.90 -99.00  9.90 -99.00  9.90
ET0238  -1.57  0.17 -99.00  9.90 -99.00  9.90   0.38  0.16 -99.00  9.90   0.17  0.06  -0.01  0.08  -0.07  0.24 -99.00  9.90   0.04  0.27  -0.08  0.11  -0.02  0.11  -0.11  0.14 -99.00  9.90 -99.00  9.90  -0.12  0.21 -99.00  9.90 -99.00  9.90 -99.00  9.90
ET0239  -2.26  0.21 -99.00  9.90 -99.00  9.90   0.63  0.19 -99.00  9.90   0.33  0.13   0.28  0.19   0.27  0.25 -99.00  9.90   0.06  0.29  -0.20  0.17 -99.00  9.90 -99.00  9.90 -99.00  9.90 -99.00  9.90  -0.09  0.26 -99.00  9.90 -99.00  9.90 -99.00  9.90
ET0240  -1.15  0.17 -99.00  9.90 -99.00  9.90   0.15  0.23 -99.00  9.90   0.06  0.07  -0.33  0.12   0.18  0.22 -99.00  9.90   0.07  0.26  -0.04  0.22  -0.11  0.23  -0.43  0.20 -99.00  9.90 -99.00  9.90   0.15  0.22  -0.24  0.23 -99.00  9.90 -99.00  9.90
ET0241  -1.41  0.17 -99.00  9.90 -99.00  9.90   0.13  0.17 -99.00  9.90   0.12  0.05  -0.19  0.13   0.07  0.28 -99.00  9.90   0.07  0.28  -0.04  0.12   0.04  0.13  -0.15  0.15 -99.00  9.90 -99.00  9.90   0.12  0.23 -99.00  9.90 -99.00  9.90   0.36  0.25
ET0242  -1.32  0.17 -99.00  9.90 -99.00  9.90  -0.02  0.13 -99.00  9.90   0.04  0.06  -0.14  0.11  -0.07  0.22 -99.00  9.90   0.01  0.26  -0.26  0.11   0.21  0.14  -0.22  0.16 -99.00  9.90 -99.00  9.90  -0.03  0.18  -0.17  0.18 -99.00  9.90 -99.00  9.90
ET0244  -1.24  0.17   0.00  0.24 -99.00  9.90   0.01  0.16 -99.00  9.90   0.03  0.06  -0.12  0.08  -0.15  0.23 -99.00  9.90   0.07  0.28  -0.18  0.15  -0.13  0.17  -0.25  0.14 -99.00  9.90 -99.00  9.90   0.20  0.20  -0.10  0.22 -99.00  9.90   0.24  0.25
ET0270  -1.56  0.16 -99.00  9.90 -99.00  9.90   0.35  0.16 -99.00  9.90   0.28  0.05   0.01  0.10   0.10  0.20 -99.00  9.90   0.08  0.24  -0.08  0.12  -0.01  0.15   0.05  0.14 -99.00  9.90 -99.00  9.90   0.16  0.19  -0.04  0.21 -99.00  9.90 -99.00  9.90
ET0275  -1.21  0.16 -99.00  9.90 -99.00  9.90 -99.00  9.90 -99.00  9.90  -0.10  0.08  -0.27  0.14  -0.04  0.25 -99.00  9.90   0.08  0.27  -0.43  0.15 -99.00  9.90  -0.45  0.19 -99.00  9.90 -99.00  9.90   0.18  0.20 -99.00  9.90 -99.00  9.90   0.39  0.27
ET0299  -1.83  0.18 -99.00  9.90 -99.00  9.90 -99.00  9.90 -99.00  9.90   0.20  0.09   0.35  0.20   0.34  0.24 -99.00  9.90   0.00  0.27  -0.15  0.17 -99.00  9.90   0.17  0.18 -99.00  9.90 -99.00  9.90   0.44  0.22 -99.00  9.90   0.70  0.27 -99.00  9.90
ET0300  -1.39  0.20 -99.00  9.90 -99.00  9.90  -0.06  0.25 -99.00  9.90   0.03  0.07   0.14  0.14  -0.10  0.26 -99.00  9.90   0.12  0.29  -0.34  0.18  -0.27  0.25  -0.14  0.24 -99.00  9.90 -99.00  9.90   0.12  0.27 -99.00  9.90 -99.00  9.90 -99.00  9.90
ET0317  -1.69  0.19 -99.00  9.90 -99.00  9.90   0.20  0.19 -99.00  9.90   0.13  0.07   0.18  0.10  -0.02  0.25  -0.12  0.27   0.05  0.27  -0.03  0.17   0.05  0.19  -0.02  0.16 -99.00  9.90 -99.00  9.90  -0.15  0.25   0.23  0.21 -99.00  9.90 -99.00  9.90
ET0320  -1.71  0.21 -99.00  9.90 -99.00  9.90   0.22  0.19 -99.00  9.90   0.04  0.09  -0.07  0.14   0.08  0.24 -99.00  9.90   0.06  0.28  -0.27  0.19   0.26  0.15 -99.00  9.90 -99.00  9.90 -99.00  9.90   0.20  0.23   0.26  0.22 -99.00  9.90   0.63  0.29
ET0321  -1.93  0.18   0.25  0.25 -99.00  9.90   0.55  0.17 -99.00  9.90   0.28  0.07   0.29  0.15   0.00  0.22 -99.00  9.90   0.09  0.27  -0.27  0.17   0.54  0.11  -0.11  0.14 -99.00  9.90 -99.00  9.90  -0.20  0.21   0.13  0.21 -99.00  9.90 -99.00  9.90
ET0322  -2.04  0.27 -99.00  9.90 -99.00  9.90   0.74  0.25 -99.00  9.90   0.29  0.16 -99.00  9.90   0.01  0.32 -99.00  9.90   0.13  0.35  -0.31  0.21   0.59  0.23 -99.00  9.90 -99.00  9.90 -99.00  9.90  -0.60  0.30 -99.00  9.90 -99.00  9.90 -99.00  9.90
ET0327  -1.32  0.16 -99.00  9.90 -99.00  9.90  -0.12  0.18   0.28  0.22   0.06  0.07  -0.16  0.10  -0.01  0.21 -99.00  9.90   0.07  0.25  -0.07  0.15  -0.10  0.15  -0.51  0.17 -99.00  9.90 -99.00  9.90  -0.07  0.21  -0.05  0.21 -99.00  9.90 -99.00  9.90
ET0330  -2.00  0.24 -99.00  9.90 -99.00  9.90   0.40  0.24 -99.00  9.90   0.17  0.09 -99.00  9.90   0.08  0.30 -99.00  9.90   0.14  0.32  -0.33  0.23 -99.00  9.90 -99.00  9.90 -99.00  9.90 -99.00  9.90  -0.91  0.27 -99.00  9.90 -99.00  9.90 -99.00  9.90
ET0339  -1.08  0.14 -99.00  9.90 -99.00  9.90  -0.54  0.18 -99.00  9.90  -0.10  0.11  -0.44  0.11  -0.36  0.20 -99.00  9.90   0.08  0.26  -0.26  0.15 -99.00  9.90  -0.38  0.17 -99.00  9.90 -99.00  9.90  -0.23  0.24  -0.05  0.23 -99.00  9.90   0.16  0.24
ET0342  -1.35  0.20 -99.00  9.90 -99.00  9.90  -0.12  0.24 -99.00  9.90   0.08  0.11   0.02  0.17  -0.13  0.31 -99.00  9.90   0.08  0.30  -0.14  0.25   0.19  0.21  -0.17  0.21 -99.00  9.90 -99.00  9.90   0.17  0.26 -99.00  9.90 -99.00  9.90 -99.00  9.90
ET0350  -1.90  0.21 -99.00  9.90 -99.00  9.90   0.26  0.20 -99.00  9.90   0.39  0.09 -99.00  9.90   0.25  0.28 -99.00  9.90   0.10  0.32   0.03  0.18 -99.00  9.90 -99.00  9.90 -99.00  9.90 -99.00  9.90   0.12  0.25 -99.00  9.90 -99.00  9.90 -99.00  9.90
ET0354  -1.07  0.20 -99.00  9.90 -99.00  9.90  -0.02  0.23 -99.00  9.90  -0.05  0.09  -0.15  0.14  -0.11  0.40 -99.00  9.90   0.05  0.26   0.03  0.16   0.03  0.23  -0.45  0.20 -99.00  9.90 -99.00  9.90  -0.01  0.23   0.03  0.25 -99.00  9.90 -99.00  9.90
ET0363  -1.28  0.17 -99.00  9.90 -99.00  9.90   0.16  0.19 -99.00  9.90   0.05  0.08  -0.15  0.12   0.04  0.27  -0.06  0.27   0.11  0.28  -0.31  0.14  -0.20  0.18 -99.00  9.90 -99.00  9.90 -99.00  9.90   0.27  0.22   0.14  0.23 -99.00  9.90 -99.00  9.90
ET0369  -2.35  0.20 -99.00  9.90 -99.00  9.90   0.22  0.19 -99.00  9.90   0.31  0.14   0.72  0.27  -0.01  0.24 -99.00  9.90   0.10  0.28  -0.18  0.15 -99.00  9.90 -99.00  9.90 -99.00  9.90 -99.00  9.90  -1.05  0.22 -99.00  9.90 -99.00  9.90 -99.00  9.90
ET0373  -1.96  0.21 -99.00  9.90 -99.00  9.90   0.34  0.23 -99.00  9.90   0.11  0.10   0.43  0.18   0.07  0.26 -99.00  9.90   0.13  0.30  -0.37  0.22   0.52  0.22   0.02  0.23 -99.00  9.90 -99.00  9.90  -0.34  0.27   0.53  0.26 -99.00  9.90 -99.00  9.90
ET0376  -1.17  0.17   0.01  0.31 -99.00  9.90  -0.23  0.25 -99.00  9.90   0.01  0.09  -0.27  0.14   0.12  0.23 -99.00  9.90   0.10  0.32  -0.20  0.18  -0.22  0.19  -0.34  0.23 -99.00  9.90 -99.00  9.90   0.15  0.35  -0.08  0.26 -99.00  9.90 -99.00  9.90
ET0378  -1.18  0.15 -99.00  9.90   0.07  0.25   0.11  0.25 -99.00  9.90  -0.07  0.07  -0.22  0.14  -0.16  0.24 -99.00  9.90   0.08  0.29   0.02  0.19  -0.29  0.18  -0.23  0.22 -99.00  9.90 -99.00  9.90  -0.03  0.23  -0.17  0.24 -99.00  9.90   0.31  0.29
ET0379  -1.65  0.18 -99.00  9.90 -99.00  9.90  -0.07  0.23 -99.00  9.90   0.16  0.06  -0.04  0.14  -0.01  0.25 -99.00  9.90   0.04  0.26  -0.30  0.20   0.43  0.22  -0.23  0.23 -99.00  9.90 -99.00  9.90  -0.40  0.24 -99.00  9.90 -99.00  9.90 -99.00  9.90
ET0382  -1.74  0.23 -99.00  9.90 -99.00  9.90   0.35  0.22 -99.00  9.90   0.28  0.09   0.31  0.16   0.36  0.27 -99.00  9.90   0.05  0.30   0.27  0.29 -99.00  9.90   0.02  0.21 -99.00  9.90 -99.00  9.90   0.34  0.37 -99.00  9.90 -99.00  9.90   0.81  0.31
ET0384  -1.46  0.22 -99.00  9.90 -99.00  9.90  -0.08  0.25 -99.00  9.90   0.07  0.10   0.15  0.21   0.14  0.33   0.11  0.33   0.08  0.29   0.14  0.18   0.09  0.18  -0.18  0.26 -99.00  9.90 -99.00  9.90   0.31  0.29 -99.00  9.90 -99.00  9.90 -99.00  9.90
ET0389  -1.60  0.22 -99.00  9.90 -99.00  9.90   0.23  0.30 -99.00  9.90   0.25  0.08  -0.03  0.19   0.41  0.25 -99.00  9.90   0.13  0.30   0.20  0.26   0.19  0.30   0.23  0.29 -99.00  9.90 -99.00  9.90   0.43  0.31   0.41  0.29 -99.00  9.90   0.83  0.36
ET0392  -1.48  0.20 -99.00  9.90 -99.00  9.90   0.09  0.22 -99.00  9.90   0.23  0.06   0.06  0.16   0.11  0.24   0.16  0.31   0.07  0.28   0.01  0.15 -99.00  9.90  -0.17  0.21 -99.00  9.90 -99.00  9.90  -0.10  0.29   0.39  0.26 -99.00  9.90 -99.00  9.90
ET0049  -2.18  0.20   0.65  0.26   0.16  0.23   0.41  0.14 -99.00  9.90   0.27  0.08  -0.02  0.15   0.23  0.23  -0.23  0.33   0.15  0.29  -0.40  0.23   0.01  0.34   0.04  0.17  -0.23  0.33  -0.44  0.22  -0.29  0.25   0.20  0.27 -99.00  9.90 -99.00  9.90
ET0065  -1.17  0.15  -0.03  0.19  -0.76  0.14   0.00  0.17  -0.21  0.17   0.02  0.10  -0.31  0.13  -0.14  0.18  -0.23  0.21   0.06  0.24 -99.00  9.90  -0.17  0.16  -0.44  0.16  -0.23  0.21  -0.65  0.17  -0.03  0.26  -0.16  0.17   0.02  0.17   0.03  0.25
ET0074  -1.15  0.17  -0.01  0.29  -0.89  0.26  -0.02  0.31  -0.26  0.28   0.00  0.09  -0.50  0.10  -0.28  0.21  -0.27  0.31   0.06  0.25   0.07  0.36  -0.27  0.18  -0.69  0.25  -0.27  0.31  -0.85  0.24   0.42  0.24  -0.06  0.20   0.14  0.23   0.12  0.30
ET0082  -1.15  0.15   0.00  0.18  -0.47  0.18   0.00  0.17  -0.35  0.23  -0.08  0.11  -0.39  0.14  -0.04  0.17  -0.47  0.25   0.10  0.22 -99.00  9.90  -0.41  0.19  -0.52  0.16  -0.47  0.25  -0.49  0.23   0.25  0.23  -0.27  0.15   0.02  0.18   0.09  0.24
ET0112  -2.04  0.18   0.67  0.19  99.00  9.90   0.43  0.13 -99.00  9.90   0.08  0.08   0.02  0.12   0.23  0.20 -99.00  9.90   0.09  0.24  -0.42  0.34  -0.21  0.36   0.11  0.17 -99.00  9.90  -0.45  0.26  -0.22  0.24 -99.00  9.90   0.46  0.23 -99.00  9.90
ET0127  -1.72  0.17   0.31  0.26  -0.22  0.21   0.07  0.29   0.23  0.30  -0.01  0.08  -0.06  0.11   0.60  0.21  -0.19  0.32   0.13  0.24  -0.07  0.38   0.15  0.21   0.05  0.29  -0.19  0.32  -0.33  0.22   0.05  0.27   0.14  0.28   0.14  0.28 -99.00  9.90
ET0130  -2.20  0.21   0.81  0.23   0.84  0.19   0.36  0.23 -99.00  9.90   0.28  0.11  -0.07  0.13   0.42  0.22   0.09  0.19   0.18  0.26  -0.03  0.23   0.18  0.35 -99.00  9.90   0.09  0.19  -0.32  0.29  -0.17  0.24 -99.00  9.90 -99.00  9.90   0.90  0.28
ET0143  -1.77  0.18   0.07  0.24  -0.32  0.25   0.17  0.25   0.52  0.22   0.51  0.09  -0.22  0.14   0.03  0.21  -0.05  0.30   0.09  0.26  -0.27  0.29   0.14  0.38   0.10  0.25  -0.05  0.30  -0.56  0.24   0.31  0.29  -0.01  0.26   0.47  0.31   0.48  0.31
ET0145  -1.51  0.18  -0.10  0.24  -0.45  0.26   0.00  0.26 -99.00  9.90  -0.08  0.07  -0.65  0.12   0.06  0.22  -0.50  0.32   0.09  0.28  -0.10  0.40 -99.00  9.90  -0.19  0.18  -0.50  0.32  -0.93  0.23  -0.73  0.24  -0.30  0.30  -0.14  0.25   0.13  0.32
ET0152  -0.99  0.16  -0.07  0.25  -0.99  0.21  -0.45  0.28  -0.24  0.30   0.17  0.13  -0.77  0.17  -0.53  0.20  -0.30  0.32   0.11  0.28 -99.00  9.90  -0.42  0.18  -0.97  0.27  -0.30  0.32  -0.79  0.19   0.39  0.42  -0.50  0.21  -0.11  0.25  -0.05  0.32
